433400
433401
433402
433403
433404
433405
433406
433407
433408
433409
433410
433411
433500
433501
433502
433503
433504
433505
433506
433507
433508
433509
433510
433511
433600
433601
433602
433603
433604
433605
433606
433607
433608
433609
433610
433611
433700
433701
433702
433703
433704
433705
433706
433707
433708
433709
433710
433711
433800
433801
433802
433803
433804
433805
433806
433807
433808
433809
433810
433811
433900
433901
433902
433903
433904
433905
433906
433907
433908
433909
433910
433911
434000
434001
434002
434003
434004
434005
434006
434007
434008
434009
434010
434011
434100
434101
434102
434103
434104
434105
434106
434107
434108
434109
434110
434111
434200
434201
434202
434203
434204
434205
434206
434207
434208
434209
434210
434211
434300
434301
434302
434303
434304
434305
434306
434307
434308
434309
434310
434311
434400
434401
434402
434403
434404
434405
434406
434407
434408
434409
434410
434411
434500
434501
434502
434503
434504
434505
434506
434507
434508
434509
434510
434511
434600
434601
434602
434603
434604
434605
434606
434607
434608
434609
434610
434611
434700
434701
434702
434703
434704
434705
434706
434707
434708
434709
434710
434711
434800
434801
434802
434803
434804
434805
434806
434807
434808
434809
434810
434811
434900
434901
434902
434903
434904
434905
434906
434907
434908
434909
434910
434911
435000
435001
435002
435003
435004
435005
435006
435007
435008
435009
435010
435011
