431700
431701
431702
431703
431704
431705
431706
431707
431708
431709
431710
431711
431800
431801
431802
431803
431804
431805
431806
431807
431808
431809
431810
431811
431900
431901
431902
431903
431904
431905
431906
431907
431908
431909
431910
431911
432000
432001
432002
432003
432004
432005
432006
432007
432008
432009
432010
432011
432100
432101
432102
432103
432104
432105
432106
432107
432108
432109
432110
432111
432200
432201
432202
432203
432204
432205
432206
432207
432208
432209
432210
432211
432300
432301
432302
432303
432304
432305
432306
432307
432308
432309
432310
432311
432400
432401
432402
432403
432404
432405
432406
432407
432408
432409
432410
432411
432500
432501
432502
432503
432504
432505
432506
432507
432508
432509
432510
432511
432600
432601
432602
432603
432604
432605
432606
432607
432608
432609
432610
432611
432700
432701
432702
432703
432704
432705
432706
432707
432708
432709
432710
432711
432800
432801
432802
432803
432804
432805
432806
432807
432808
432809
432810
432811
432900
432901
432902
432903
432904
432905
432906
432907
432908
432909
432910
432911
433000
433001
433002
433003
433004
433005
433006
433007
433008
433009
433010
433011
433100
433101
433102
433103
433104
433105
433106
433107
433108
433109
433110
433111
433200
433201
433202
433203
433204
433205
433206
433207
433208
433209
433210
433211
433300
433301
433302
433303
433304
433305
433306
433307
433308
433309
433310
433311
