430070
430071
430072
430073
430074
430075
430076
430077
430078
430079
430080
430081
430082
430083
430084
430085
430086
430087
430088
430089
430090
430091
430092
430093
430094
430095
430096
430097
430098
430099
430170
430171
430172
430173
430174
430175
430176
430177
430178
430179
430180
430181
430182
430183
430184
430185
430186
430187
430188
430189
430190
430191
430192
430193
430194
430195
430196
430197
430198
430199
430270
430271
430272
430273
430274
430275
430276
430277
430278
430279
430280
430281
430282
430283
430284
430285
430286
430287
430288
430289
430290
430291
430292
430293
430294
430295
430296
430297
430298
430299
430370
430371
430372
430373
430374
430375
430376
430377
430378
430379
430380
430381
430382
430383
430384
430385
430386
430387
430388
430389
430390
430391
430392
430393
430394
430395
430396
430397
430398
430399
430470
430471
430472
430473
430474
430475
430476
430477
430478
430479
430480
430481
430482
430483
430484
430485
430486
430487
430488
430489
430490
430491
430492
430493
430494
430495
430496
430497
430498
430499
430570
430571
430572
430573
430574
430575
430576
430577
430578
430579
430580
430581
430582
430583
430584
430585
430586
430587
430588
430589
430590
430591
430592
430593
430594
430595
430596
430597
430598
430599
430670
430671
430672
430673
430674
430675
430676
430677
430678
430679
430680
430681
430682
430683
430684
430685
430686
430687
430688
430689
430690
430691
430692
430693
430694
430695
430696
430697
430698
430699
430770
430771
430772
430773
430774
430775
430776
430777
430778
430779
430780
430781
430782
430783
430784
430785
430786
430787
430788
430789
430790
430791
430792
430793
430794
430795
430796
430797
430798
430799
430870
430871
430872
430873
430874
430875
430876
430877
430878
430879
430880
430881
430882
430883
430884
430885
430886
430887
430888
430889
430890
430891
430892
430893
430894
430895
430896
430897
430898
430899
430970
430971
430972
430973
430974
430975
430976
430977
430978
430979
430980
430981
430982
430983
430984
430985
430986
430987
430988
430989
430990
430991
430992
430993
430994
430995
430996
430997
430998
430999
431070
431071
431072
431073
431074
431075
431076
431077
431078
431079
431080
431081
431082
431083
431084
431085
431086
431087
431088
431089
431090
431091
431092
431093
431094
431095
431096
431097
431098
431099
431170
431171
431172
431173
431174
431175
431176
431177
431178
431179
431180
431181
431182
431183
431184
431185
431186
431187
431188
431189
431190
431191
431192
431193
431194
431195
431196
431197
431198
431199
431270
431271
431272
431273
431274
431275
431276
431277
431278
431279
431280
431281
431282
431283
431284
431285
431286
431287
431288
431289
431290
431291
431292
431293
431294
431295
431296
431297
431298
431299
431370
431371
431372
431373
431374
431375
431376
431377
431378
431379
431380
431381
431382
431383
431384
431385
431386
431387
431388
431389
431390
431391
431392
431393
431394
431395
431396
431397
431398
431399
431470
431471
431472
431473
431474
431475
431476
431477
431478
431479
431480
431481
431482
431483
431484
431485
431486
431487
431488
431489
431490
431491
431492
431493
431494
431495
431496
431497
431498
431499
431570
431571
431572
431573
431574
431575
431576
431577
431578
431579
431580
431581
431582
431583
431584
431585
431586
431587
431588
431589
431590
431591
431592
431593
431594
431595
431596
431597
431598
431599
431670
431671
431672
431673
431674
431675
431676
431677
431678
431679
431680
431681
431682
431683
431684
431685
431686
431687
431688
431689
431690
431691
431692
431693
431694
431695
431696
431697
431698
431699
