430000
430001
430002
430003
430004
430005
430006
430007
430008
430009
430010
430011
430100
430101
430102
430103
430104
430105
430106
430107
430108
430109
430110
430111
430200
430201
430202
430203
430204
430205
430206
430207
430208
430209
430210
430211
430300
430301
430302
430303
430304
430305
430306
430307
430308
430309
430310
430311
430400
430401
430402
430403
430404
430405
430406
430407
430408
430409
430410
430411
430500
430501
430502
430503
430504
430505
430506
430507
430508
430509
430510
430511
430600
430601
430602
430603
430604
430605
430606
430607
430608
430609
430610
430611
430700
430701
430702
430703
430704
430705
430706
430707
430708
430709
430710
430711
430800
430801
430802
430803
430804
430805
430806
430807
430808
430809
430810
430811
430900
430901
430902
430903
430904
430905
430906
430907
430908
430909
430910
430911
431000
431001
431002
431003
431004
431005
431006
431007
431008
431009
431010
431011
431100
431101
431102
431103
431104
431105
431106
431107
431108
431109
431110
431111
431200
431201
431202
431203
431204
431205
431206
431207
431208
431209
431210
431211
431300
431301
431302
431303
431304
431305
431306
431307
431308
431309
431310
431311
431400
431401
431402
431403
431404
431405
431406
431407
431408
431409
431410
431411
431500
431501
431502
431503
431504
431505
431506
431507
431508
431509
431510
431511
431600
431601
431602
431603
431604
431605
431606
431607
431608
431609
431610
431611
