430000
430001
430002
430003
430004
430005
430006
430007
430008
430009
430010
430011
430012
430013
430014
430015
430016
430017
430018
430019
430020
430021
430022
430023
430024
430025
430026
430027
430028
430029
430030
430031
430032
430033
430034
430035
430036
430037
430038
430039
430040
430041
430042
430043
430044
430045
430046
430047
430048
430049
430050
430051
430052
430053
430054
430055
430056
430057
430058
430059
430060
430061
430062
430063
430064
430065
430066
430067
430068
430069
430070
430071
430072
430073
430074
430075
430076
430077
430078
430079
430080
430081
430082
430083
430084
430085
430086
430087
430088
430089
430090
430091
430092
430093
430094
430095
430096
430097
430098
430099
430100
430101
430102
430103
430104
430105
430106
430107
430108
430109
430110
430111
430112
430113
430114
430115
430116
430117
430118
430119
430120
430121
430122
430123
430124
430125
430126
430127
430128
430129
430130
430131
430132
430133
430134
430135
430136
430137
430138
430139
430140
430141
430142
430143
430144
430145
430146
430147
430148
430149
430150
430151
430152
430153
430154
430155
430156
430157
430158
430159
430160
430161
430162
430163
430164
430165
430166
430167
430168
430169
430170
430171
430172
430173
430174
430175
430176
430177
430178
430179
430180
430181
430182
430183
430184
430185
430186
430187
430188
430189
430190
430191
430192
430193
430194
430195
430196
430197
430198
430199
430200
430201
430202
430203
430204
430205
430206
430207
430208
430209
430210
430211
430212
430213
430214
430215
430216
430217
430218
430219
430220
430221
430222
430223
430224
430225
430226
430227
430228
430229
430230
430231
430232
430233
430234
430235
430236
430237
430238
430239
430240
430241
430242
430243
430244
430245
430246
430247
430248
430249
430250
430251
430252
430253
430254
430255
430256
430257
430258
430259
430260
430261
430262
430263
430264
430265
430266
430267
430268
430269
430270
430271
430272
430273
430274
430275
430276
430277
430278
430279
430280
430281
430282
430283
430284
430285
430286
430287
430288
430289
430290
430291
430292
430293
430294
430295
430296
430297
430298
430299
430300
430301
430302
430303
430304
430305
430306
430307
430308
430309
430310
430311
430312
430313
430314
430315
430316
430317
430318
430319
430320
430321
430322
430323
430324
430325
430326
430327
430328
430329
430330
430331
430332
430333
430334
430335
430336
430337
430338
430339
430340
430341
430342
430343
430344
430345
430346
430347
430348
430349
430350
430351
430352
430353
430354
430355
430356
430357
430358
430359
430360
430361
430362
430363
430364
430365
430366
430367
430368
430369
430370
430371
430372
430373
430374
430375
430376
430377
430378
430379
430380
430381
430382
430383
430384
430385
430386
430387
430388
430389
430390
430391
430392
430393
430394
430395
430396
430397
430398
430399
430400
430401
430402
430403
430404
430405
430406
430407
430408
430409
430410
430411
430412
430413
430414
430415
430416
430417
430418
430419
430420
430421
430422
430423
430424
430425
430426
430427
430428
430429
430430
430431
430432
430433
430434
430435
430436
430437
430438
430439
430440
430441
430442
430443
430444
430445
430446
430447
430448
430449
430450
430451
430452
430453
430454
430455
430456
430457
430458
430459
430460
430461
430462
430463
430464
430465
430466
430467
430468
430469
430470
430471
430472
430473
430474
430475
430476
430477
430478
430479
430480
430481
430482
430483
430484
430485
430486
430487
430488
430489
430490
430491
430492
430493
430494
430495
430496
430497
430498
430499
430500
430501
430502
430503
430504
430505
430506
430507
430508
430509
430510
430511
430512
430513
430514
430515
430516
430517
430518
430519
430520
430521
430522
430523
430524
430525
430526
430527
430528
430529
430530
430531
430532
430533
430534
430535
430536
430537
430538
430539
430540
430541
430542
430543
430544
430545
430546
430547
430548
430549
430550
430551
430552
430553
430554
430555
430556
430557
430558
430559
430560
430561
430562
430563
430564
430565
430566
430567
430568
430569
430570
430571
430572
430573
430574
430575
430576
430577
430578
430579
430580
430581
430582
430583
430584
430585
430586
430587
430588
430589
430590
430591
430592
430593
430594
430595
430596
430597
430598
430599
430600
430601
430602
430603
430604
430605
430606
430607
430608
430609
430610
430611
430612
430613
430614
430615
430616
430617
430618
430619
430620
430621
430622
430623
430624
430625
430626
430627
430628
430629
430630
430631
430632
430633
430634
430635
430636
430637
430638
430639
430640
430641
430642
430643
430644
430645
430646
430647
430648
430649
430650
430651
430652
430653
430654
430655
430656
430657
430658
430659
430660
430661
430662
430663
430664
430665
430666
430667
430668
430669
430670
430671
430672
430673
430674
430675
430676
430677
430678
430679
430680
430681
430682
430683
430684
430685
430686
430687
430688
430689
430690
430691
430692
430693
430694
430695
430696
430697
430698
430699
430700
430701
430702
430703
430704
430705
430706
430707
430708
430709
430710
430711
430712
430713
430714
430715
430716
430717
430718
430719
430720
430721
430722
430723
430724
430725
430726
430727
430728
430729
430730
430731
430732
430733
430734
430735
430736
430737
430738
430739
430740
430741
430742
430743
430744
430745
430746
430747
430748
430749
430750
430751
430752
430753
430754
430755
430756
430757
430758
430759
430760
430761
430762
430763
430764
430765
430766
430767
430768
430769
430770
430771
430772
430773
430774
430775
430776
430777
430778
430779
430780
430781
430782
430783
430784
430785
430786
430787
430788
430789
430790
430791
430792
430793
430794
430795
430796
430797
430798
430799
430800
430801
430802
430803
430804
430805
430806
430807
430808
430809
430810
430811
430812
430813
430814
430815
430816
430817
430818
430819
430820
430821
430822
430823
430824
430825
430826
430827
430828
430829
430830
430831
430832
430833
430834
430835
430836
430837
430838
430839
430840
430841
430842
430843
430844
430845
430846
430847
430848
430849
430850
430851
430852
430853
430854
430855
430856
430857
430858
430859
430860
430861
430862
430863
430864
430865
430866
430867
430868
430869
430870
430871
430872
430873
430874
430875
430876
430877
430878
430879
430880
430881
430882
430883
430884
430885
430886
430887
430888
430889
430890
430891
430892
430893
430894
430895
430896
430897
430898
430899
430900
430901
430902
430903
430904
430905
430906
430907
430908
430909
430910
430911
430912
430913
430914
430915
430916
430917
430918
430919
430920
430921
430922
430923
430924
430925
430926
430927
430928
430929
430930
430931
430932
430933
430934
430935
430936
430937
430938
430939
430940
430941
430942
430943
430944
430945
430946
430947
430948
430949
430950
430951
430952
430953
430954
430955
430956
430957
430958
430959
430960
430961
430962
430963
430964
430965
430966
430967
430968
430969
430970
430971
430972
430973
430974
430975
430976
430977
430978
430979
430980
430981
430982
430983
430984
430985
430986
430987
430988
430989
430990
430991
430992
430993
430994
430995
430996
430997
430998
430999
431000
431001
431002
431003
431004
431005
431006
431007
431008
431009
431010
431011
431012
431013
431014
431015
431016
431017
431018
431019
431020
431021
431022
431023
431024
431025
431026
431027
431028
431029
431030
431031
431032
431033
431034
431035
431036
431037
431038
431039
431040
431041
431042
431043
431044
431045
431046
431047
431048
431049
431050
431051
431052
431053
431054
431055
431056
431057
431058
431059
431060
431061
431062
431063
431064
431065
431066
431067
431068
431069
431070
431071
431072
431073
431074
431075
431076
431077
431078
431079
431080
431081
431082
431083
431084
431085
431086
431087
431088
431089
431090
431091
431092
431093
431094
431095
431096
431097
431098
431099
431100
431101
431102
431103
431104
431105
431106
431107
431108
431109
431110
431111
431112
431113
431114
431115
431116
431117
431118
431119
431120
431121
431122
431123
431124
431125
431126
431127
431128
431129
431130
431131
431132
431133
431134
431135
431136
431137
431138
431139
431140
431141
431142
431143
431144
431145
431146
431147
431148
431149
431150
431151
431152
431153
431154
431155
431156
431157
431158
431159
431160
431161
431162
431163
431164
431165
431166
431167
431168
431169
431170
431171
431172
431173
431174
431175
431176
431177
431178
431179
431180
431181
431182
431183
431184
431185
431186
431187
431188
431189
431190
431191
431192
431193
431194
431195
431196
431197
431198
431199
431200
431201
431202
431203
431204
431205
431206
431207
431208
431209
431210
431211
431212
431213
431214
431215
431216
431217
431218
431219
431220
431221
431222
431223
431224
431225
431226
431227
431228
431229
431230
431231
431232
431233
431234
431235
431236
431237
431238
431239
431240
431241
431242
431243
431244
431245
431246
431247
431248
431249
431250
431251
431252
431253
431254
431255
431256
431257
431258
431259
431260
431261
431262
431263
431264
431265
431266
431267
431268
431269
431270
431271
431272
431273
431274
431275
431276
431277
431278
431279
431280
431281
431282
431283
431284
431285
431286
431287
431288
431289
431290
431291
431292
431293
431294
431295
431296
431297
431298
431299
431300
431301
431302
431303
431304
431305
431306
431307
431308
431309
431310
431311
431312
431313
431314
431315
431316
431317
431318
431319
431320
431321
431322
431323
431324
431325
431326
431327
431328
431329
431330
431331
431332
431333
431334
431335
431336
431337
431338
431339
431340
431341
431342
431343
431344
431345
431346
431347
431348
431349
431350
431351
431352
431353
431354
431355
431356
431357
431358
431359
431360
431361
431362
431363
431364
431365
431366
431367
431368
431369
431370
431371
431372
431373
431374
431375
431376
431377
431378
431379
431380
431381
431382
431383
431384
431385
431386
431387
431388
431389
431390
431391
431392
431393
431394
431395
431396
431397
431398
431399
431400
431401
431402
431403
431404
431405
431406
431407
431408
431409
431410
431411
431412
431413
431414
431415
431416
431417
431418
431419
431420
431421
431422
431423
431424
431425
431426
431427
431428
431429
431430
431431
431432
431433
431434
431435
431436
431437
431438
431439
431440
431441
431442
431443
431444
431445
431446
431447
431448
431449
431450
431451
431452
431453
431454
431455
431456
431457
431458
431459
431460
431461
431462
431463
431464
431465
431466
431467
431468
431469
431470
431471
431472
431473
431474
431475
431476
431477
431478
431479
431480
431481
431482
431483
431484
431485
431486
431487
431488
431489
431490
431491
431492
431493
431494
431495
431496
431497
431498
431499
431500
431501
431502
431503
431504
431505
431506
431507
431508
431509
431510
431511
431512
431513
431514
431515
431516
431517
431518
431519
431520
431521
431522
431523
431524
431525
431526
431527
431528
431529
431530
431531
431532
431533
431534
431535
431536
431537
431538
431539
431540
431541
431542
431543
431544
431545
431546
431547
431548
431549
431550
431551
431552
431553
431554
431555
431556
431557
431558
431559
431560
431561
431562
431563
431564
431565
431566
431567
431568
431569
431570
431571
431572
431573
431574
431575
431576
431577
431578
431579
431580
431581
431582
431583
431584
431585
431586
431587
431588
431589
431590
431591
431592
431593
431594
431595
431596
431597
431598
431599
431600
431601
431602
431603
431604
431605
431606
431607
431608
431609
431610
431611
431612
431613
431614
431615
431616
431617
431618
431619
431620
431621
431622
431623
431624
431625
431626
431627
431628
431629
431630
431631
431632
431633
431634
431635
431636
431637
431638
431639
431640
431641
431642
431643
431644
431645
431646
431647
431648
431649
431650
431651
431652
431653
431654
431655
431656
431657
431658
431659
431660
431661
431662
431663
431664
431665
431666
431667
431668
431669
431670
431671
431672
431673
431674
431675
431676
431677
431678
431679
431680
431681
431682
431683
431684
431685
431686
431687
431688
431689
431690
431691
431692
431693
431694
431695
431696
431697
431698
431699
431700
431701
431702
431703
431704
431705
431706
431707
431708
431709
431710
431711
431712
431713
431714
431715
431716
431717
431718
431719
431720
431721
431722
431723
431724
431725
431726
431727
431728
431729
431730
431731
431732
431733
431734
431735
431736
431737
431738
431739
431740
431741
431742
431743
431744
431745
431746
431747
431748
431749
431750
431751
431752
431753
431754
431755
431756
431757
431758
431759
431760
431761
431762
431763
431764
431765
431766
431767
431768
431769
431770
431771
431772
431773
431774
431775
431776
431777
431778
431779
431780
431781
431782
431783
431784
431785
431786
431787
431788
431789
431790
431791
431792
431793
431794
431795
431796
431797
431798
431799
431800
431801
431802
431803
431804
431805
431806
431807
431808
431809
431810
431811
431812
431813
431814
431815
431816
431817
431818
431819
431820
431821
431822
431823
431824
431825
431826
431827
431828
431829
431830
431831
431832
431833
431834
431835
431836
431837
431838
431839
431840
431841
431842
431843
431844
431845
431846
431847
431848
431849
431850
431851
431852
431853
431854
431855
431856
431857
431858
431859
431860
431861
431862
431863
431864
431865
431866
431867
431868
431869
431870
431871
431872
431873
431874
431875
431876
431877
431878
431879
431880
431881
431882
431883
431884
431885
431886
431887
431888
431889
431890
431891
431892
431893
431894
431895
431896
431897
431898
431899
431900
431901
431902
431903
431904
431905
431906
431907
431908
431909
431910
431911
431912
431913
431914
431915
431916
431917
431918
431919
431920
431921
431922
431923
431924
431925
431926
431927
431928
431929
431930
431931
431932
431933
431934
431935
431936
431937
431938
431939
431940
431941
431942
431943
431944
431945
431946
431947
431948
431949
431950
431951
431952
431953
431954
431955
431956
431957
431958
431959
431960
431961
431962
431963
431964
431965
431966
431967
431968
431969
431970
431971
431972
431973
431974
431975
431976
431977
431978
431979
431980
431981
431982
431983
431984
431985
431986
431987
431988
431989
431990
431991
431992
431993
431994
431995
431996
431997
431998
431999
432000
432001
432002
432003
432004
432005
432006
432007
432008
432009
432010
432011
432012
432013
432014
432015
432016
432017
432018
432019
432020
432021
432022
432023
432024
432025
432026
432027
432028
432029
432030
432031
432032
432033
432034
432035
432036
432037
432038
432039
432040
432041
432042
432043
432044
432045
432046
432047
432048
432049
432050
432051
432052
432053
432054
432055
432056
432057
432058
432059
432060
432061
432062
432063
432064
432065
432066
432067
432068
432069
432070
432071
432072
432073
432074
432075
432076
432077
432078
432079
432080
432081
432082
432083
432084
432085
432086
432087
432088
432089
432090
432091
432092
432093
432094
432095
432096
432097
432098
432099
432100
432101
432102
432103
432104
432105
432106
432107
432108
432109
432110
432111
432112
432113
432114
432115
432116
432117
432118
432119
432120
432121
432122
432123
432124
432125
432126
432127
432128
432129
432130
432131
432132
432133
432134
432135
432136
432137
432138
432139
432140
432141
432142
432143
432144
432145
432146
432147
432148
432149
432150
432151
432152
432153
432154
432155
432156
432157
432158
432159
432160
432161
432162
432163
432164
432165
432166
432167
432168
432169
432170
432171
432172
432173
432174
432175
432176
432177
432178
432179
432180
432181
432182
432183
432184
432185
432186
432187
432188
432189
432190
432191
432192
432193
432194
432195
432196
432197
432198
432199
432200
432201
432202
432203
432204
432205
432206
432207
432208
432209
432210
432211
432212
432213
432214
432215
432216
432217
432218
432219
432220
432221
432222
432223
432224
432225
432226
432227
432228
432229
432230
432231
432232
432233
432234
432235
432236
432237
432238
432239
432240
432241
432242
432243
432244
432245
432246
432247
432248
432249
432250
432251
432252
432253
432254
432255
432256
432257
432258
432259
432260
432261
432262
432263
432264
432265
432266
432267
432268
432269
432270
432271
432272
432273
432274
432275
432276
432277
432278
432279
432280
432281
432282
432283
432284
432285
432286
432287
432288
432289
432290
432291
432292
432293
432294
432295
432296
432297
432298
432299
432300
432301
432302
432303
432304
432305
432306
432307
432308
432309
432310
432311
432312
432313
432314
432315
432316
432317
432318
432319
432320
432321
432322
432323
432324
432325
432326
432327
432328
432329
432330
432331
432332
432333
432334
432335
432336
432337
432338
432339
432340
432341
432342
432343
432344
432345
432346
432347
432348
432349
432350
432351
432352
432353
432354
432355
432356
432357
432358
432359
432360
432361
432362
432363
432364
432365
432366
432367
432368
432369
432370
432371
432372
432373
432374
432375
432376
432377
432378
432379
432380
432381
432382
432383
432384
432385
432386
432387
432388
432389
432390
432391
432392
432393
432394
432395
432396
432397
432398
432399
432400
432401
432402
432403
432404
432405
432406
432407
432408
432409
432410
432411
432412
432413
432414
432415
432416
432417
432418
432419
432420
432421
432422
432423
432424
432425
432426
432427
432428
432429
432430
432431
432432
432433
432434
432435
432436
432437
432438
432439
432440
432441
432442
432443
432444
432445
432446
432447
432448
432449
432450
432451
432452
432453
432454
432455
432456
432457
432458
432459
432460
432461
432462
432463
432464
432465
432466
432467
432468
432469
432470
432471
432472
432473
432474
432475
432476
432477
432478
432479
432480
432481
432482
432483
432484
432485
432486
432487
432488
432489
432490
432491
432492
432493
432494
432495
432496
432497
432498
432499
432500
432501
432502
432503
432504
432505
432506
432507
432508
432509
432510
432511
432512
432513
432514
432515
432516
432517
432518
432519
432520
432521
432522
432523
432524
432525
432526
432527
432528
432529
432530
432531
432532
432533
432534
432535
432536
432537
432538
432539
432540
432541
432542
432543
432544
432545
432546
432547
432548
432549
432550
432551
432552
432553
432554
432555
432556
432557
432558
432559
432560
432561
432562
432563
432564
432565
432566
432567
432568
432569
432570
432571
432572
432573
432574
432575
432576
432577
432578
432579
432580
432581
432582
432583
432584
432585
432586
432587
432588
432589
432590
432591
432592
432593
432594
432595
432596
432597
432598
432599
432600
432601
432602
432603
432604
432605
432606
432607
432608
432609
432610
432611
432612
432613
432614
432615
432616
432617
432618
432619
432620
432621
432622
432623
432624
432625
432626
432627
432628
432629
432630
432631
432632
432633
432634
432635
432636
432637
432638
432639
432640
432641
432642
432643
432644
432645
432646
432647
432648
432649
432650
432651
432652
432653
432654
432655
432656
432657
432658
432659
432660
432661
432662
432663
432664
432665
432666
432667
432668
432669
432670
432671
432672
432673
432674
432675
432676
432677
432678
432679
432680
432681
432682
432683
432684
432685
432686
432687
432688
432689
432690
432691
432692
432693
432694
432695
432696
432697
432698
432699
432700
432701
432702
432703
432704
432705
432706
432707
432708
432709
432710
432711
432712
432713
432714
432715
432716
432717
432718
432719
432720
432721
432722
432723
432724
432725
432726
432727
432728
432729
432730
432731
432732
432733
432734
432735
432736
432737
432738
432739
432740
432741
432742
432743
432744
432745
432746
432747
432748
432749
432750
432751
432752
432753
432754
432755
432756
432757
432758
432759
432760
432761
432762
432763
432764
432765
432766
432767
432768
432769
432770
432771
432772
432773
432774
432775
432776
432777
432778
432779
432780
432781
432782
432783
432784
432785
432786
432787
432788
432789
432790
432791
432792
432793
432794
432795
432796
432797
432798
432799
432800
432801
432802
432803
432804
432805
432806
432807
432808
432809
432810
432811
432812
432813
432814
432815
432816
432817
432818
432819
432820
432821
432822
432823
432824
432825
432826
432827
432828
432829
432830
432831
432832
432833
432834
432835
432836
432837
432838
432839
432840
432841
432842
432843
432844
432845
432846
432847
432848
432849
432850
432851
432852
432853
432854
432855
432856
432857
432858
432859
432860
432861
432862
432863
432864
432865
432866
432867
432868
432869
432870
432871
432872
432873
432874
432875
432876
432877
432878
432879
432880
432881
432882
432883
432884
432885
432886
432887
432888
432889
432890
432891
432892
432893
432894
432895
432896
432897
432898
432899
432900
432901
432902
432903
432904
432905
432906
432907
432908
432909
432910
432911
432912
432913
432914
432915
432916
432917
432918
432919
432920
432921
432922
432923
432924
432925
432926
432927
432928
432929
432930
432931
432932
432933
432934
432935
432936
432937
432938
432939
432940
432941
432942
432943
432944
432945
432946
432947
432948
432949
432950
432951
432952
432953
432954
432955
432956
432957
432958
432959
432960
432961
432962
432963
432964
432965
432966
432967
432968
432969
432970
432971
432972
432973
432974
432975
432976
432977
432978
432979
432980
432981
432982
432983
432984
432985
432986
432987
432988
432989
432990
432991
432992
432993
432994
432995
432996
432997
432998
432999
433000
433001
433002
433003
433004
433005
433006
433007
433008
433009
433010
433011
433012
433013
433014
433015
433016
433017
433018
433019
433020
433021
433022
433023
433024
433025
433026
433027
433028
433029
433030
433031
433032
433033
433034
433035
433036
433037
433038
433039
433040
433041
433042
433043
433044
433045
433046
433047
433048
433049
433050
433051
433052
433053
433054
433055
433056
433057
433058
433059
433060
433061
433062
433063
433064
433065
433066
433067
433068
433069
433070
433071
433072
433073
433074
433075
433076
433077
433078
433079
433080
433081
433082
433083
433084
433085
433086
433087
433088
433089
433090
433091
433092
433093
433094
433095
433096
433097
433098
433099
433100
433101
433102
433103
433104
433105
433106
433107
433108
433109
433110
433111
433112
433113
433114
433115
433116
433117
433118
433119
433120
433121
433122
433123
433124
433125
433126
433127
433128
433129
433130
433131
433132
433133
433134
433135
433136
433137
433138
433139
433140
433141
433142
433143
433144
433145
433146
433147
433148
433149
433150
433151
433152
433153
433154
433155
433156
433157
433158
433159
433160
433161
433162
433163
433164
433165
433166
433167
433168
433169
433170
433171
433172
433173
433174
433175
433176
433177
433178
433179
433180
433181
433182
433183
433184
433185
433186
433187
433188
433189
433190
433191
433192
433193
433194
433195
433196
433197
433198
433199
433200
433201
433202
433203
433204
433205
433206
433207
433208
433209
433210
433211
433212
433213
433214
433215
433216
433217
433218
433219
433220
433221
433222
433223
433224
433225
433226
433227
433228
433229
433230
433231
433232
433233
433234
433235
433236
433237
433238
433239
433240
433241
433242
433243
433244
433245
433246
433247
433248
433249
433250
433251
433252
433253
433254
433255
433256
433257
433258
433259
433260
433261
433262
433263
433264
433265
433266
433267
433268
433269
433270
433271
433272
433273
433274
433275
433276
433277
433278
433279
433280
433281
433282
433283
433284
433285
433286
433287
433288
433289
433290
433291
433292
433293
433294
433295
433296
433297
433298
433299
433300
433301
433302
433303
433304
433305
433306
433307
433308
433309
433310
433311
433312
433313
433314
433315
433316
433317
433318
433319
433320
433321
433322
433323
433324
433325
433326
433327
433328
433329
433330
433331
433332
433333
433334
433335
433336
433337
433338
433339
433340
433341
433342
433343
433344
433345
433346
433347
433348
433349
433350
433351
433352
433353
433354
433355
433356
433357
433358
433359
433360
433361
433362
433363
433364
433365
433366
433367
433368
433369
433370
433371
433372
433373
433374
433375
433376
433377
433378
433379
433380
433381
433382
433383
433384
433385
433386
433387
433388
433389
433390
433391
433392
433393
433394
433395
433396
433397
433398
433399
433400
433401
433402
433403
433404
433405
433406
433407
433408
433409
433410
433411
433412
433413
433414
433415
433416
433417
433418
433419
433420
433421
433422
433423
433424
433425
433426
433427
433428
433429
433430
433431
433432
433433
433434
433435
433436
433437
433438
433439
433440
433441
433442
433443
433444
433445
433446
433447
433448
433449
433450
433451
433452
433453
433454
433455
433456
433457
433458
433459
433460
433461
433462
433463
433464
433465
433466
433467
433468
433469
433470
433471
433472
433473
433474
433475
433476
433477
433478
433479
433480
433481
433482
433483
433484
433485
433486
433487
433488
433489
433490
433491
433492
433493
433494
433495
433496
433497
433498
433499
433500
433501
433502
433503
433504
433505
433506
433507
433508
433509
433510
433511
433512
433513
433514
433515
433516
433517
433518
433519
433520
433521
433522
433523
433524
433525
433526
433527
433528
433529
433530
433531
433532
433533
433534
433535
433536
433537
433538
433539
433540
433541
433542
433543
433544
433545
433546
433547
433548
433549
433550
433551
433552
433553
433554
433555
433556
433557
433558
433559
433560
433561
433562
433563
433564
433565
433566
433567
433568
433569
433570
433571
433572
433573
433574
433575
433576
433577
433578
433579
433580
433581
433582
433583
433584
433585
433586
433587
433588
433589
433590
433591
433592
433593
433594
433595
433596
433597
433598
433599
433600
433601
433602
433603
433604
433605
433606
433607
433608
433609
433610
433611
433612
433613
433614
433615
433616
433617
433618
433619
433620
433621
433622
433623
433624
433625
433626
433627
433628
433629
433630
433631
433632
433633
433634
433635
433636
433637
433638
433639
433640
433641
433642
433643
433644
433645
433646
433647
433648
433649
433650
433651
433652
433653
433654
433655
433656
433657
433658
433659
433660
433661
433662
433663
433664
433665
433666
433667
433668
433669
433670
433671
433672
433673
433674
433675
433676
433677
433678
433679
433680
433681
433682
433683
433684
433685
433686
433687
433688
433689
433690
433691
433692
433693
433694
433695
433696
433697
433698
433699
433700
433701
433702
433703
433704
433705
433706
433707
433708
433709
433710
433711
433712
433713
433714
433715
433716
433717
433718
433719
433720
433721
433722
433723
433724
433725
433726
433727
433728
433729
433730
433731
433732
433733
433734
433735
433736
433737
433738
433739
433740
433741
433742
433743
433744
433745
433746
433747
433748
433749
433750
433751
433752
433753
433754
433755
433756
433757
433758
433759
433760
433761
433762
433763
433764
433765
433766
433767
433768
433769
433770
433771
433772
433773
433774
433775
433776
433777
433778
433779
433780
433781
433782
433783
433784
433785
433786
433787
433788
433789
433790
433791
433792
433793
433794
433795
433796
433797
433798
433799
433800
433801
433802
433803
433804
433805
433806
433807
433808
433809
433810
433811
433812
433813
433814
433815
433816
433817
433818
433819
433820
433821
433822
433823
433824
433825
433826
433827
433828
433829
433830
433831
433832
433833
433834
433835
433836
433837
433838
433839
433840
433841
433842
433843
433844
433845
433846
433847
433848
433849
433850
433851
433852
433853
433854
433855
433856
433857
433858
433859
433860
433861
433862
433863
433864
433865
433866
433867
433868
433869
433870
433871
433872
433873
433874
433875
433876
433877
433878
433879
433880
433881
433882
433883
433884
433885
433886
433887
433888
433889
433890
433891
433892
433893
433894
433895
433896
433897
433898
433899
433900
433901
433902
433903
433904
433905
433906
433907
433908
433909
433910
433911
433912
433913
433914
433915
433916
433917
433918
433919
433920
433921
433922
433923
433924
433925
433926
433927
433928
433929
433930
433931
433932
433933
433934
433935
433936
433937
433938
433939
433940
433941
433942
433943
433944
433945
433946
433947
433948
433949
433950
433951
433952
433953
433954
433955
433956
433957
433958
433959
433960
433961
433962
433963
433964
433965
433966
433967
433968
433969
433970
433971
433972
433973
433974
433975
433976
433977
433978
433979
433980
433981
433982
433983
433984
433985
433986
433987
433988
433989
433990
433991
433992
433993
433994
433995
433996
433997
433998
433999
434000
434001
434002
434003
434004
434005
434006
434007
434008
434009
434010
434011
434012
434013
434014
434015
434016
434017
434018
434019
434020
434021
434022
434023
434024
434025
434026
434027
434028
434029
434030
434031
434032
434033
434034
434035
434036
434037
434038
434039
434040
434041
434042
434043
434044
434045
434046
434047
434048
434049
434050
434051
434052
434053
434054
434055
434056
434057
434058
434059
434060
434061
434062
434063
434064
434065
434066
434067
434068
434069
434070
434071
434072
434073
434074
434075
434076
434077
434078
434079
434080
434081
434082
434083
434084
434085
434086
434087
434088
434089
434090
434091
434092
434093
434094
434095
434096
434097
434098
434099
434100
434101
434102
434103
434104
434105
434106
434107
434108
434109
434110
434111
434112
434113
434114
434115
434116
434117
434118
434119
434120
434121
434122
434123
434124
434125
434126
434127
434128
434129
434130
434131
434132
434133
434134
434135
434136
434137
434138
434139
434140
434141
434142
434143
434144
434145
434146
434147
434148
434149
434150
434151
434152
434153
434154
434155
434156
434157
434158
434159
434160
434161
434162
434163
434164
434165
434166
434167
434168
434169
434170
434171
434172
434173
434174
434175
434176
434177
434178
434179
434180
434181
434182
434183
434184
434185
434186
434187
434188
434189
434190
434191
434192
434193
434194
434195
434196
434197
434198
434199
434200
434201
434202
434203
434204
434205
434206
434207
434208
434209
434210
434211
434212
434213
434214
434215
434216
434217
434218
434219
434220
434221
434222
434223
434224
434225
434226
434227
434228
434229
434230
434231
434232
434233
434234
434235
434236
434237
434238
434239
434240
434241
434242
434243
434244
434245
434246
434247
434248
434249
434250
434251
434252
434253
434254
434255
434256
434257
434258
434259
434260
434261
434262
434263
434264
434265
434266
434267
434268
434269
434270
434271
434272
434273
434274
434275
434276
434277
434278
434279
434280
434281
434282
434283
434284
434285
434286
434287
434288
434289
434290
434291
434292
434293
434294
434295
434296
434297
434298
434299
434300
434301
434302
434303
434304
434305
434306
434307
434308
434309
434310
434311
434312
434313
434314
434315
434316
434317
434318
434319
434320
434321
434322
434323
434324
434325
434326
434327
434328
434329
434330
434331
434332
434333
434334
434335
434336
434337
434338
434339
434340
434341
434342
434343
434344
434345
434346
434347
434348
434349
434350
434351
434352
434353
434354
434355
434356
434357
434358
434359
434360
434361
434362
434363
434364
434365
434366
434367
434368
434369
434370
434371
434372
434373
434374
434375
434376
434377
434378
434379
434380
434381
434382
434383
434384
434385
434386
434387
434388
434389
434390
434391
434392
434393
434394
434395
434396
434397
434398
434399
434400
434401
434402
434403
434404
434405
434406
434407
434408
434409
434410
434411
434412
434413
434414
434415
434416
434417
434418
434419
434420
434421
434422
434423
434424
434425
434426
434427
434428
434429
434430
434431
434432
434433
434434
434435
434436
434437
434438
434439
434440
434441
434442
434443
434444
434445
434446
434447
434448
434449
434450
434451
434452
434453
434454
434455
434456
434457
434458
434459
434460
434461
434462
434463
434464
434465
434466
434467
434468
434469
434470
434471
434472
434473
434474
434475
434476
434477
434478
434479
434480
434481
434482
434483
434484
434485
434486
434487
434488
434489
434490
434491
434492
434493
434494
434495
434496
434497
434498
434499
434500
434501
434502
434503
434504
434505
434506
434507
434508
434509
434510
434511
434512
434513
434514
434515
434516
434517
434518
434519
434520
434521
434522
434523
434524
434525
434526
434527
434528
434529
434530
434531
434532
434533
434534
434535
434536
434537
434538
434539
434540
434541
434542
434543
434544
434545
434546
434547
434548
434549
434550
434551
434552
434553
434554
434555
434556
434557
434558
434559
434560
434561
434562
434563
434564
434565
434566
434567
434568
434569
434570
434571
434572
434573
434574
434575
434576
434577
434578
434579
434580
434581
434582
434583
434584
434585
434586
434587
434588
434589
434590
434591
434592
434593
434594
434595
434596
434597
434598
434599
434600
434601
434602
434603
434604
434605
434606
434607
434608
434609
434610
434611
434612
434613
434614
434615
434616
434617
434618
434619
434620
434621
434622
434623
434624
434625
434626
434627
434628
434629
434630
434631
434632
434633
434634
434635
434636
434637
434638
434639
434640
434641
434642
434643
434644
434645
434646
434647
434648
434649
434650
434651
434652
434653
434654
434655
434656
434657
434658
434659
434660
434661
434662
434663
434664
434665
434666
434667
434668
434669
434670
434671
434672
434673
434674
434675
434676
434677
434678
434679
434680
434681
434682
434683
434684
434685
434686
434687
434688
434689
434690
434691
434692
434693
434694
434695
434696
434697
434698
434699
434700
434701
434702
434703
434704
434705
434706
434707
434708
434709
434710
434711
434712
434713
434714
434715
434716
434717
434718
434719
434720
434721
434722
434723
434724
434725
434726
434727
434728
434729
434730
434731
434732
434733
434734
434735
434736
434737
434738
434739
434740
434741
434742
434743
434744
434745
434746
434747
434748
434749
434750
434751
434752
434753
434754
434755
434756
434757
434758
434759
434760
434761
434762
434763
434764
434765
434766
434767
434768
434769
434770
434771
434772
434773
434774
434775
434776
434777
434778
434779
434780
434781
434782
434783
434784
434785
434786
434787
434788
434789
434790
434791
434792
434793
434794
434795
434796
434797
434798
434799
434800
434801
434802
434803
434804
434805
434806
434807
434808
434809
434810
434811
434812
434813
434814
434815
434816
434817
434818
434819
434820
434821
434822
434823
434824
434825
434826
434827
434828
434829
434830
434831
434832
434833
434834
434835
434836
434837
434838
434839
434840
434841
434842
434843
434844
434845
434846
434847
434848
434849
434850
434851
434852
434853
434854
434855
434856
434857
434858
434859
434860
434861
434862
434863
434864
434865
434866
434867
434868
434869
434870
434871
434872
434873
434874
434875
434876
434877
434878
434879
434880
434881
434882
434883
434884
434885
434886
434887
434888
434889
434890
434891
434892
434893
434894
434895
434896
434897
434898
434899
434900
434901
434902
434903
434904
434905
434906
434907
434908
434909
434910
434911
434912
434913
434914
434915
434916
434917
434918
434919
434920
434921
434922
434923
434924
434925
434926
434927
434928
434929
434930
434931
434932
434933
434934
434935
434936
434937
434938
434939
434940
434941
434942
434943
434944
434945
434946
434947
434948
434949
434950
434951
434952
434953
434954
434955
434956
434957
434958
434959
434960
434961
434962
434963
434964
434965
434966
434967
434968
434969
434970
434971
434972
434973
434974
434975
434976
434977
434978
434979
434980
434981
434982
434983
434984
434985
434986
434987
434988
434989
434990
434991
434992
434993
434994
434995
434996
434997
434998
434999
435000
435001
435002
435003
435004
435005
435006
435007
435008
435009
435010
435011
435012
435013
435014
435015
435016
435017
435018
435019
435020
435021
435022
435023
435024
435025
435026
435027
435028
435029
435030
435031
435032
435033
435034
435035
435036
435037
435038
435039
435040
435041
435042
435043
435044
435045
435046
435047
435048
435049
435050
435051
435052
435053
435054
435055
435056
435057
435058
435059
435060
435061
435062
435063
435064
435065
435066
435067
435068
435069
435070
435071
435072
435073
435074
435075
435076
435077
435078
435079
435080
435081
435082
435083
435084
435085
435086
435087
435088
435089
435090
435091
435092
435093
435094
435095
435096
435097
435098
435099
