431770
431771
431772
431773
431774
431775
431776
431777
431778
431779
431780
431781
431782
431783
431784
431785
431786
431787
431788
431789
431790
431791
431792
431793
431794
431795
431796
431797
431798
431799
431870
431871
431872
431873
431874
431875
431876
431877
431878
431879
431880
431881
431882
431883
431884
431885
431886
431887
431888
431889
431890
431891
431892
431893
431894
431895
431896
431897
431898
431899
431970
431971
431972
431973
431974
431975
431976
431977
431978
431979
431980
431981
431982
431983
431984
431985
431986
431987
431988
431989
431990
431991
431992
431993
431994
431995
431996
431997
431998
431999
432070
432071
432072
432073
432074
432075
432076
432077
432078
432079
432080
432081
432082
432083
432084
432085
432086
432087
432088
432089
432090
432091
432092
432093
432094
432095
432096
432097
432098
432099
432170
432171
432172
432173
432174
432175
432176
432177
432178
432179
432180
432181
432182
432183
432184
432185
432186
432187
432188
432189
432190
432191
432192
432193
432194
432195
432196
432197
432198
432199
432270
432271
432272
432273
432274
432275
432276
432277
432278
432279
432280
432281
432282
432283
432284
432285
432286
432287
432288
432289
432290
432291
432292
432293
432294
432295
432296
432297
432298
432299
432370
432371
432372
432373
432374
432375
432376
432377
432378
432379
432380
432381
432382
432383
432384
432385
432386
432387
432388
432389
432390
432391
432392
432393
432394
432395
432396
432397
432398
432399
432470
432471
432472
432473
432474
432475
432476
432477
432478
432479
432480
432481
432482
432483
432484
432485
432486
432487
432488
432489
432490
432491
432492
432493
432494
432495
432496
432497
432498
432499
432570
432571
432572
432573
432574
432575
432576
432577
432578
432579
432580
432581
432582
432583
432584
432585
432586
432587
432588
432589
432590
432591
432592
432593
432594
432595
432596
432597
432598
432599
432670
432671
432672
432673
432674
432675
432676
432677
432678
432679
432680
432681
432682
432683
432684
432685
432686
432687
432688
432689
432690
432691
432692
432693
432694
432695
432696
432697
432698
432699
432770
432771
432772
432773
432774
432775
432776
432777
432778
432779
432780
432781
432782
432783
432784
432785
432786
432787
432788
432789
432790
432791
432792
432793
432794
432795
432796
432797
432798
432799
432870
432871
432872
432873
432874
432875
432876
432877
432878
432879
432880
432881
432882
432883
432884
432885
432886
432887
432888
432889
432890
432891
432892
432893
432894
432895
432896
432897
432898
432899
432970
432971
432972
432973
432974
432975
432976
432977
432978
432979
432980
432981
432982
432983
432984
432985
432986
432987
432988
432989
432990
432991
432992
432993
432994
432995
432996
432997
432998
432999
433070
433071
433072
433073
433074
433075
433076
433077
433078
433079
433080
433081
433082
433083
433084
433085
433086
433087
433088
433089
433090
433091
433092
433093
433094
433095
433096
433097
433098
433099
433170
433171
433172
433173
433174
433175
433176
433177
433178
433179
433180
433181
433182
433183
433184
433185
433186
433187
433188
433189
433190
433191
433192
433193
433194
433195
433196
433197
433198
433199
433270
433271
433272
433273
433274
433275
433276
433277
433278
433279
433280
433281
433282
433283
433284
433285
433286
433287
433288
433289
433290
433291
433292
433293
433294
433295
433296
433297
433298
433299
433370
433371
433372
433373
433374
433375
433376
433377
433378
433379
433380
433381
433382
433383
433384
433385
433386
433387
433388
433389
433390
433391
433392
433393
433394
433395
433396
433397
433398
433399
