430012
430013
430014
430015
430016
430017
430018
430019
430020
430021
430022
430023
430024
430025
430026
430027
430028
430029
430030
430031
430032
430033
430034
430035
430036
430037
430038
430039
430040
430041
430042
430043
430044
430045
430046
430047
430048
430049
430050
430051
430052
430053
430054
430055
430056
430057
430058
430059
430060
430061
430062
430063
430064
430065
430066
430067
430068
430069
430112
430113
430114
430115
430116
430117
430118
430119
430120
430121
430122
430123
430124
430125
430126
430127
430128
430129
430130
430131
430132
430133
430134
430135
430136
430137
430138
430139
430140
430141
430142
430143
430144
430145
430146
430147
430148
430149
430150
430151
430152
430153
430154
430155
430156
430157
430158
430159
430160
430161
430162
430163
430164
430165
430166
430167
430168
430169
430212
430213
430214
430215
430216
430217
430218
430219
430220
430221
430222
430223
430224
430225
430226
430227
430228
430229
430230
430231
430232
430233
430234
430235
430236
430237
430238
430239
430240
430241
430242
430243
430244
430245
430246
430247
430248
430249
430250
430251
430252
430253
430254
430255
430256
430257
430258
430259
430260
430261
430262
430263
430264
430265
430266
430267
430268
430269
430312
430313
430314
430315
430316
430317
430318
430319
430320
430321
430322
430323
430324
430325
430326
430327
430328
430329
430330
430331
430332
430333
430334
430335
430336
430337
430338
430339
430340
430341
430342
430343
430344
430345
430346
430347
430348
430349
430350
430351
430352
430353
430354
430355
430356
430357
430358
430359
430360
430361
430362
430363
430364
430365
430366
430367
430368
430369
430412
430413
430414
430415
430416
430417
430418
430419
430420
430421
430422
430423
430424
430425
430426
430427
430428
430429
430430
430431
430432
430433
430434
430435
430436
430437
430438
430439
430440
430441
430442
430443
430444
430445
430446
430447
430448
430449
430450
430451
430452
430453
430454
430455
430456
430457
430458
430459
430460
430461
430462
430463
430464
430465
430466
430467
430468
430469
430512
430513
430514
430515
430516
430517
430518
430519
430520
430521
430522
430523
430524
430525
430526
430527
430528
430529
430530
430531
430532
430533
430534
430535
430536
430537
430538
430539
430540
430541
430542
430543
430544
430545
430546
430547
430548
430549
430550
430551
430552
430553
430554
430555
430556
430557
430558
430559
430560
430561
430562
430563
430564
430565
430566
430567
430568
430569
430612
430613
430614
430615
430616
430617
430618
430619
430620
430621
430622
430623
430624
430625
430626
430627
430628
430629
430630
430631
430632
430633
430634
430635
430636
430637
430638
430639
430640
430641
430642
430643
430644
430645
430646
430647
430648
430649
430650
430651
430652
430653
430654
430655
430656
430657
430658
430659
430660
430661
430662
430663
430664
430665
430666
430667
430668
430669
430712
430713
430714
430715
430716
430717
430718
430719
430720
430721
430722
430723
430724
430725
430726
430727
430728
430729
430730
430731
430732
430733
430734
430735
430736
430737
430738
430739
430740
430741
430742
430743
430744
430745
430746
430747
430748
430749
430750
430751
430752
430753
430754
430755
430756
430757
430758
430759
430760
430761
430762
430763
430764
430765
430766
430767
430768
430769
430812
430813
430814
430815
430816
430817
430818
430819
430820
430821
430822
430823
430824
430825
430826
430827
430828
430829
430830
430831
430832
430833
430834
430835
430836
430837
430838
430839
430840
430841
430842
430843
430844
430845
430846
430847
430848
430849
430850
430851
430852
430853
430854
430855
430856
430857
430858
430859
430860
430861
430862
430863
430864
430865
430866
430867
430868
430869
430912
430913
430914
430915
430916
430917
430918
430919
430920
430921
430922
430923
430924
430925
430926
430927
430928
430929
430930
430931
430932
430933
430934
430935
430936
430937
430938
430939
430940
430941
430942
430943
430944
430945
430946
430947
430948
430949
430950
430951
430952
430953
430954
430955
430956
430957
430958
430959
430960
430961
430962
430963
430964
430965
430966
430967
430968
430969
431012
431013
431014
431015
431016
431017
431018
431019
431020
431021
431022
431023
431024
431025
431026
431027
431028
431029
431030
431031
431032
431033
431034
431035
431036
431037
431038
431039
431040
431041
431042
431043
431044
431045
431046
431047
431048
431049
431050
431051
431052
431053
431054
431055
431056
431057
431058
431059
431060
431061
431062
431063
431064
431065
431066
431067
431068
431069
431112
431113
431114
431115
431116
431117
431118
431119
431120
431121
431122
431123
431124
431125
431126
431127
431128
431129
431130
431131
431132
431133
431134
431135
431136
431137
431138
431139
431140
431141
431142
431143
431144
431145
431146
431147
431148
431149
431150
431151
431152
431153
431154
431155
431156
431157
431158
431159
431160
431161
431162
431163
431164
431165
431166
431167
431168
431169
431212
431213
431214
431215
431216
431217
431218
431219
431220
431221
431222
431223
431224
431225
431226
431227
431228
431229
431230
431231
431232
431233
431234
431235
431236
431237
431238
431239
431240
431241
431242
431243
431244
431245
431246
431247
431248
431249
431250
431251
431252
431253
431254
431255
431256
431257
431258
431259
431260
431261
431262
431263
431264
431265
431266
431267
431268
431269
431312
431313
431314
431315
431316
431317
431318
431319
431320
431321
431322
431323
431324
431325
431326
431327
431328
431329
431330
431331
431332
431333
431334
431335
431336
431337
431338
431339
431340
431341
431342
431343
431344
431345
431346
431347
431348
431349
431350
431351
431352
431353
431354
431355
431356
431357
431358
431359
431360
431361
431362
431363
431364
431365
431366
431367
431368
431369
431412
431413
431414
431415
431416
431417
431418
431419
431420
431421
431422
431423
431424
431425
431426
431427
431428
431429
431430
431431
431432
431433
431434
431435
431436
431437
431438
431439
431440
431441
431442
431443
431444
431445
431446
431447
431448
431449
431450
431451
431452
431453
431454
431455
431456
431457
431458
431459
431460
431461
431462
431463
431464
431465
431466
431467
431468
431469
431512
431513
431514
431515
431516
431517
431518
431519
431520
431521
431522
431523
431524
431525
431526
431527
431528
431529
431530
431531
431532
431533
431534
431535
431536
431537
431538
431539
431540
431541
431542
431543
431544
431545
431546
431547
431548
431549
431550
431551
431552
431553
431554
431555
431556
431557
431558
431559
431560
431561
431562
431563
431564
431565
431566
431567
431568
431569
431612
431613
431614
431615
431616
431617
431618
431619
431620
431621
431622
431623
431624
431625
431626
431627
431628
431629
431630
431631
431632
431633
431634
431635
431636
431637
431638
431639
431640
431641
431642
431643
431644
431645
431646
431647
431648
431649
431650
431651
431652
431653
431654
431655
431656
431657
431658
431659
431660
431661
431662
431663
431664
431665
431666
431667
431668
431669
431712
431713
431714
431715
431716
431717
431718
431719
431720
431721
431722
431723
431724
431725
431726
431727
431728
431729
431730
431731
431732
431733
431734
431735
431736
431737
431738
431739
431740
431741
431742
431743
431744
431745
431746
431747
431748
431749
431750
431751
431752
431753
431754
431755
431756
431757
431758
431759
431760
431761
431762
431763
431764
431765
431766
431767
431768
431769
431812
431813
431814
431815
431816
431817
431818
431819
431820
431821
431822
431823
431824
431825
431826
431827
431828
431829
431830
431831
431832
431833
431834
431835
431836
431837
431838
431839
431840
431841
431842
431843
431844
431845
431846
431847
431848
431849
431850
431851
431852
431853
431854
431855
431856
431857
431858
431859
431860
431861
431862
431863
431864
431865
431866
431867
431868
431869
431912
431913
431914
431915
431916
431917
431918
431919
431920
431921
431922
431923
431924
431925
431926
431927
431928
431929
431930
431931
431932
431933
431934
431935
431936
431937
431938
431939
431940
431941
431942
431943
431944
431945
431946
431947
431948
431949
431950
431951
431952
431953
431954
431955
431956
431957
431958
431959
431960
431961
431962
431963
431964
431965
431966
431967
431968
431969
432012
432013
432014
432015
432016
432017
432018
432019
432020
432021
432022
432023
432024
432025
432026
432027
432028
432029
432030
432031
432032
432033
432034
432035
432036
432037
432038
432039
432040
432041
432042
432043
432044
432045
432046
432047
432048
432049
432050
432051
432052
432053
432054
432055
432056
432057
432058
432059
432060
432061
432062
432063
432064
432065
432066
432067
432068
432069
432112
432113
432114
432115
432116
432117
432118
432119
432120
432121
432122
432123
432124
432125
432126
432127
432128
432129
432130
432131
432132
432133
432134
432135
432136
432137
432138
432139
432140
432141
432142
432143
432144
432145
432146
432147
432148
432149
432150
432151
432152
432153
432154
432155
432156
432157
432158
432159
432160
432161
432162
432163
432164
432165
432166
432167
432168
432169
432212
432213
432214
432215
432216
432217
432218
432219
432220
432221
432222
432223
432224
432225
432226
432227
432228
432229
432230
432231
432232
432233
432234
432235
432236
432237
432238
432239
432240
432241
432242
432243
432244
432245
432246
432247
432248
432249
432250
432251
432252
432253
432254
432255
432256
432257
432258
432259
432260
432261
432262
432263
432264
432265
432266
432267
432268
432269
432312
432313
432314
432315
432316
432317
432318
432319
432320
432321
432322
432323
432324
432325
432326
432327
432328
432329
432330
432331
432332
432333
432334
432335
432336
432337
432338
432339
432340
432341
432342
432343
432344
432345
432346
432347
432348
432349
432350
432351
432352
432353
432354
432355
432356
432357
432358
432359
432360
432361
432362
432363
432364
432365
432366
432367
432368
432369
432412
432413
432414
432415
432416
432417
432418
432419
432420
432421
432422
432423
432424
432425
432426
432427
432428
432429
432430
432431
432432
432433
432434
432435
432436
432437
432438
432439
432440
432441
432442
432443
432444
432445
432446
432447
432448
432449
432450
432451
432452
432453
432454
432455
432456
432457
432458
432459
432460
432461
432462
432463
432464
432465
432466
432467
432468
432469
432512
432513
432514
432515
432516
432517
432518
432519
432520
432521
432522
432523
432524
432525
432526
432527
432528
432529
432530
432531
432532
432533
432534
432535
432536
432537
432538
432539
432540
432541
432542
432543
432544
432545
432546
432547
432548
432549
432550
432551
432552
432553
432554
432555
432556
432557
432558
432559
432560
432561
432562
432563
432564
432565
432566
432567
432568
432569
432612
432613
432614
432615
432616
432617
432618
432619
432620
432621
432622
432623
432624
432625
432626
432627
432628
432629
432630
432631
432632
432633
432634
432635
432636
432637
432638
432639
432640
432641
432642
432643
432644
432645
432646
432647
432648
432649
432650
432651
432652
432653
432654
432655
432656
432657
432658
432659
432660
432661
432662
432663
432664
432665
432666
432667
432668
432669
432712
432713
432714
432715
432716
432717
432718
432719
432720
432721
432722
432723
432724
432725
432726
432727
432728
432729
432730
432731
432732
432733
432734
432735
432736
432737
432738
432739
432740
432741
432742
432743
432744
432745
432746
432747
432748
432749
432750
432751
432752
432753
432754
432755
432756
432757
432758
432759
432760
432761
432762
432763
432764
432765
432766
432767
432768
432769
432812
432813
432814
432815
432816
432817
432818
432819
432820
432821
432822
432823
432824
432825
432826
432827
432828
432829
432830
432831
432832
432833
432834
432835
432836
432837
432838
432839
432840
432841
432842
432843
432844
432845
432846
432847
432848
432849
432850
432851
432852
432853
432854
432855
432856
432857
432858
432859
432860
432861
432862
432863
432864
432865
432866
432867
432868
432869
432912
432913
432914
432915
432916
432917
432918
432919
432920
432921
432922
432923
432924
432925
432926
432927
432928
432929
432930
432931
432932
432933
432934
432935
432936
432937
432938
432939
432940
432941
432942
432943
432944
432945
432946
432947
432948
432949
432950
432951
432952
432953
432954
432955
432956
432957
432958
432959
432960
432961
432962
432963
432964
432965
432966
432967
432968
432969
433012
433013
433014
433015
433016
433017
433018
433019
433020
433021
433022
433023
433024
433025
433026
433027
433028
433029
433030
433031
433032
433033
433034
433035
433036
433037
433038
433039
433040
433041
433042
433043
433044
433045
433046
433047
433048
433049
433050
433051
433052
433053
433054
433055
433056
433057
433058
433059
433060
433061
433062
433063
433064
433065
433066
433067
433068
433069
433112
433113
433114
433115
433116
433117
433118
433119
433120
433121
433122
433123
433124
433125
433126
433127
433128
433129
433130
433131
433132
433133
433134
433135
433136
433137
433138
433139
433140
433141
433142
433143
433144
433145
433146
433147
433148
433149
433150
433151
433152
433153
433154
433155
433156
433157
433158
433159
433160
433161
433162
433163
433164
433165
433166
433167
433168
433169
433212
433213
433214
433215
433216
433217
433218
433219
433220
433221
433222
433223
433224
433225
433226
433227
433228
433229
433230
433231
433232
433233
433234
433235
433236
433237
433238
433239
433240
433241
433242
433243
433244
433245
433246
433247
433248
433249
433250
433251
433252
433253
433254
433255
433256
433257
433258
433259
433260
433261
433262
433263
433264
433265
433266
433267
433268
433269
433312
433313
433314
433315
433316
433317
433318
433319
433320
433321
433322
433323
433324
433325
433326
433327
433328
433329
433330
433331
433332
433333
433334
433335
433336
433337
433338
433339
433340
433341
433342
433343
433344
433345
433346
433347
433348
433349
433350
433351
433352
433353
433354
433355
433356
433357
433358
433359
433360
433361
433362
433363
433364
433365
433366
433367
433368
433369
433412
433413
433414
433415
433416
433417
433418
433419
433420
433421
433422
433423
433424
433425
433426
433427
433428
433429
433430
433431
433432
433433
433434
433435
433436
433437
433438
433439
433440
433441
433442
433443
433444
433445
433446
433447
433448
433449
433450
433451
433452
433453
433454
433455
433456
433457
433458
433459
433460
433461
433462
433463
433464
433465
433466
433467
433468
433469
433512
433513
433514
433515
433516
433517
433518
433519
433520
433521
433522
433523
433524
433525
433526
433527
433528
433529
433530
433531
433532
433533
433534
433535
433536
433537
433538
433539
433540
433541
433542
433543
433544
433545
433546
433547
433548
433549
433550
433551
433552
433553
433554
433555
433556
433557
433558
433559
433560
433561
433562
433563
433564
433565
433566
433567
433568
433569
433612
433613
433614
433615
433616
433617
433618
433619
433620
433621
433622
433623
433624
433625
433626
433627
433628
433629
433630
433631
433632
433633
433634
433635
433636
433637
433638
433639
433640
433641
433642
433643
433644
433645
433646
433647
433648
433649
433650
433651
433652
433653
433654
433655
433656
433657
433658
433659
433660
433661
433662
433663
433664
433665
433666
433667
433668
433669
433712
433713
433714
433715
433716
433717
433718
433719
433720
433721
433722
433723
433724
433725
433726
433727
433728
433729
433730
433731
433732
433733
433734
433735
433736
433737
433738
433739
433740
433741
433742
433743
433744
433745
433746
433747
433748
433749
433750
433751
433752
433753
433754
433755
433756
433757
433758
433759
433760
433761
433762
433763
433764
433765
433766
433767
433768
433769
433812
433813
433814
433815
433816
433817
433818
433819
433820
433821
433822
433823
433824
433825
433826
433827
433828
433829
433830
433831
433832
433833
433834
433835
433836
433837
433838
433839
433840
433841
433842
433843
433844
433845
433846
433847
433848
433849
433850
433851
433852
433853
433854
433855
433856
433857
433858
433859
433860
433861
433862
433863
433864
433865
433866
433867
433868
433869
433912
433913
433914
433915
433916
433917
433918
433919
433920
433921
433922
433923
433924
433925
433926
433927
433928
433929
433930
433931
433932
433933
433934
433935
433936
433937
433938
433939
433940
433941
433942
433943
433944
433945
433946
433947
433948
433949
433950
433951
433952
433953
433954
433955
433956
433957
433958
433959
433960
433961
433962
433963
433964
433965
433966
433967
433968
433969
434012
434013
434014
434015
434016
434017
434018
434019
434020
434021
434022
434023
434024
434025
434026
434027
434028
434029
434030
434031
434032
434033
434034
434035
434036
434037
434038
434039
434040
434041
434042
434043
434044
434045
434046
434047
434048
434049
434050
434051
434052
434053
434054
434055
434056
434057
434058
434059
434060
434061
434062
434063
434064
434065
434066
434067
434068
434069
434112
434113
434114
434115
434116
434117
434118
434119
434120
434121
434122
434123
434124
434125
434126
434127
434128
434129
434130
434131
434132
434133
434134
434135
434136
434137
434138
434139
434140
434141
434142
434143
434144
434145
434146
434147
434148
434149
434150
434151
434152
434153
434154
434155
434156
434157
434158
434159
434160
434161
434162
434163
434164
434165
434166
434167
434168
434169
434212
434213
434214
434215
434216
434217
434218
434219
434220
434221
434222
434223
434224
434225
434226
434227
434228
434229
434230
434231
434232
434233
434234
434235
434236
434237
434238
434239
434240
434241
434242
434243
434244
434245
434246
434247
434248
434249
434250
434251
434252
434253
434254
434255
434256
434257
434258
434259
434260
434261
434262
434263
434264
434265
434266
434267
434268
434269
434312
434313
434314
434315
434316
434317
434318
434319
434320
434321
434322
434323
434324
434325
434326
434327
434328
434329
434330
434331
434332
434333
434334
434335
434336
434337
434338
434339
434340
434341
434342
434343
434344
434345
434346
434347
434348
434349
434350
434351
434352
434353
434354
434355
434356
434357
434358
434359
434360
434361
434362
434363
434364
434365
434366
434367
434368
434369
434412
434413
434414
434415
434416
434417
434418
434419
434420
434421
434422
434423
434424
434425
434426
434427
434428
434429
434430
434431
434432
434433
434434
434435
434436
434437
434438
434439
434440
434441
434442
434443
434444
434445
434446
434447
434448
434449
434450
434451
434452
434453
434454
434455
434456
434457
434458
434459
434460
434461
434462
434463
434464
434465
434466
434467
434468
434469
434512
434513
434514
434515
434516
434517
434518
434519
434520
434521
434522
434523
434524
434525
434526
434527
434528
434529
434530
434531
434532
434533
434534
434535
434536
434537
434538
434539
434540
434541
434542
434543
434544
434545
434546
434547
434548
434549
434550
434551
434552
434553
434554
434555
434556
434557
434558
434559
434560
434561
434562
434563
434564
434565
434566
434567
434568
434569
434612
434613
434614
434615
434616
434617
434618
434619
434620
434621
434622
434623
434624
434625
434626
434627
434628
434629
434630
434631
434632
434633
434634
434635
434636
434637
434638
434639
434640
434641
434642
434643
434644
434645
434646
434647
434648
434649
434650
434651
434652
434653
434654
434655
434656
434657
434658
434659
434660
434661
434662
434663
434664
434665
434666
434667
434668
434669
434712
434713
434714
434715
434716
434717
434718
434719
434720
434721
434722
434723
434724
434725
434726
434727
434728
434729
434730
434731
434732
434733
434734
434735
434736
434737
434738
434739
434740
434741
434742
434743
434744
434745
434746
434747
434748
434749
434750
434751
434752
434753
434754
434755
434756
434757
434758
434759
434760
434761
434762
434763
434764
434765
434766
434767
434768
434769
434812
434813
434814
434815
434816
434817
434818
434819
434820
434821
434822
434823
434824
434825
434826
434827
434828
434829
434830
434831
434832
434833
434834
434835
434836
434837
434838
434839
434840
434841
434842
434843
434844
434845
434846
434847
434848
434849
434850
434851
434852
434853
434854
434855
434856
434857
434858
434859
434860
434861
434862
434863
434864
434865
434866
434867
434868
434869
434912
434913
434914
434915
434916
434917
434918
434919
434920
434921
434922
434923
434924
434925
434926
434927
434928
434929
434930
434931
434932
434933
434934
434935
434936
434937
434938
434939
434940
434941
434942
434943
434944
434945
434946
434947
434948
434949
434950
434951
434952
434953
434954
434955
434956
434957
434958
434959
434960
434961
434962
434963
434964
434965
434966
434967
434968
434969
435012
435013
435014
435015
435016
435017
435018
435019
435020
435021
435022
435023
435024
435025
435026
435027
435028
435029
435030
435031
435032
435033
435034
435035
435036
435037
435038
435039
435040
435041
435042
435043
435044
435045
435046
435047
435048
435049
435050
435051
435052
435053
435054
435055
435056
435057
435058
435059
435060
435061
435062
435063
435064
435065
435066
435067
435068
435069
