430000
430001
430002
430003
430004
430005
430006
430007
430008
430009
430010
430011
430100
430101
430102
430103
430104
430105
430106
430107
430108
430109
430110
430111
430200
430201
430202
430203
430204
430205
430206
430207
430208
430209
430210
430211
430300
430301
430302
430303
430304
430305
430306
430307
430308
430309
430310
430311
430400
430401
430402
430403
430404
430405
430406
430407
430408
430409
430410
430411
430500
430501
430502
430503
430504
430505
430506
430507
430508
430509
430510
430511
430600
430601
430602
430603
430604
430605
430606
430607
430608
430609
430610
430611
430700
430701
430702
430703
430704
430705
430706
430707
430708
430709
430710
430711
430800
430801
430802
430803
430804
430805
430806
430807
430808
430809
430810
430811
430900
430901
430902
430903
430904
430905
430906
430907
430908
430909
430910
430911
431000
431001
431002
431003
431004
431005
431006
431007
431008
431009
431010
431011
431100
431101
431102
431103
431104
431105
431106
431107
431108
431109
431110
431111
431200
431201
431202
431203
431204
431205
431206
431207
431208
431209
431210
431211
431300
431301
431302
431303
431304
431305
431306
431307
431308
431309
431310
431311
431400
431401
431402
431403
431404
431405
431406
431407
431408
431409
431410
431411
431500
431501
431502
431503
431504
431505
431506
431507
431508
431509
431510
431511
431600
431601
431602
431603
431604
431605
431606
431607
431608
431609
431610
431611
431700
431701
431702
431703
431704
431705
431706
431707
431708
431709
431710
431711
431800
431801
431802
431803
431804
431805
431806
431807
431808
431809
431810
431811
431900
431901
431902
431903
431904
431905
431906
431907
431908
431909
431910
431911
432000
432001
432002
432003
432004
432005
432006
432007
432008
432009
432010
432011
432100
432101
432102
432103
432104
432105
432106
432107
432108
432109
432110
432111
432200
432201
432202
432203
432204
432205
432206
432207
432208
432209
432210
432211
432300
432301
432302
432303
432304
432305
432306
432307
432308
432309
432310
432311
432400
432401
432402
432403
432404
432405
432406
432407
432408
432409
432410
432411
432500
432501
432502
432503
432504
432505
432506
432507
432508
432509
432510
432511
432600
432601
432602
432603
432604
432605
432606
432607
432608
432609
432610
432611
432700
432701
432702
432703
432704
432705
432706
432707
432708
432709
432710
432711
432800
432801
432802
432803
432804
432805
432806
432807
432808
432809
432810
432811
432900
432901
432902
432903
432904
432905
432906
432907
432908
432909
432910
432911
433000
433001
433002
433003
433004
433005
433006
433007
433008
433009
433010
433011
433100
433101
433102
433103
433104
433105
433106
433107
433108
433109
433110
433111
433200
433201
433202
433203
433204
433205
433206
433207
433208
433209
433210
433211
433300
433301
433302
433303
433304
433305
433306
433307
433308
433309
433310
433311
433400
433401
433402
433403
433404
433405
433406
433407
433408
433409
433410
433411
433500
433501
433502
433503
433504
433505
433506
433507
433508
433509
433510
433511
433600
433601
433602
433603
433604
433605
433606
433607
433608
433609
433610
433611
433700
433701
433702
433703
433704
433705
433706
433707
433708
433709
433710
433711
433800
433801
433802
433803
433804
433805
433806
433807
433808
433809
433810
433811
433900
433901
433902
433903
433904
433905
433906
433907
433908
433909
433910
433911
434000
434001
434002
434003
434004
434005
434006
434007
434008
434009
434010
434011
434100
434101
434102
434103
434104
434105
434106
434107
434108
434109
434110
434111
434200
434201
434202
434203
434204
434205
434206
434207
434208
434209
434210
434211
434300
434301
434302
434303
434304
434305
434306
434307
434308
434309
434310
434311
434400
434401
434402
434403
434404
434405
434406
434407
434408
434409
434410
434411
434500
434501
434502
434503
434504
434505
434506
434507
434508
434509
434510
434511
434600
434601
434602
434603
434604
434605
434606
434607
434608
434609
434610
434611
434700
434701
434702
434703
434704
434705
434706
434707
434708
434709
434710
434711
434800
434801
434802
434803
434804
434805
434806
434807
434808
434809
434810
434811
434900
434901
434902
434903
434904
434905
434906
434907
434908
434909
434910
434911
435000
435001
435002
435003
435004
435005
435006
435007
435008
435009
435010
435011
