430070
430071
430072
430073
430074
430075
430076
430077
430078
430079
430080
430081
430082
430083
430084
430085
430086
430087
430088
430089
430090
430091
430092
430093
430094
430095
430096
430097
430098
430099
430170
430171
430172
430173
430174
430175
430176
430177
430178
430179
430180
430181
430182
430183
430184
430185
430186
430187
430188
430189
430190
430191
430192
430193
430194
430195
430196
430197
430198
430199
430270
430271
430272
430273
430274
430275
430276
430277
430278
430279
430280
430281
430282
430283
430284
430285
430286
430287
430288
430289
430290
430291
430292
430293
430294
430295
430296
430297
430298
430299
430370
430371
430372
430373
430374
430375
430376
430377
430378
430379
430380
430381
430382
430383
430384
430385
430386
430387
430388
430389
430390
430391
430392
430393
430394
430395
430396
430397
430398
430399
430470
430471
430472
430473
430474
430475
430476
430477
430478
430479
430480
430481
430482
430483
430484
430485
430486
430487
430488
430489
430490
430491
430492
430493
430494
430495
430496
430497
430498
430499
430570
430571
430572
430573
430574
430575
430576
430577
430578
430579
430580
430581
430582
430583
430584
430585
430586
430587
430588
430589
430590
430591
430592
430593
430594
430595
430596
430597
430598
430599
430670
430671
430672
430673
430674
430675
430676
430677
430678
430679
430680
430681
430682
430683
430684
430685
430686
430687
430688
430689
430690
430691
430692
430693
430694
430695
430696
430697
430698
430699
430770
430771
430772
430773
430774
430775
430776
430777
430778
430779
430780
430781
430782
430783
430784
430785
430786
430787
430788
430789
430790
430791
430792
430793
430794
430795
430796
430797
430798
430799
430870
430871
430872
430873
430874
430875
430876
430877
430878
430879
430880
430881
430882
430883
430884
430885
430886
430887
430888
430889
430890
430891
430892
430893
430894
430895
430896
430897
430898
430899
430970
430971
430972
430973
430974
430975
430976
430977
430978
430979
430980
430981
430982
430983
430984
430985
430986
430987
430988
430989
430990
430991
430992
430993
430994
430995
430996
430997
430998
430999
431070
431071
431072
431073
431074
431075
431076
431077
431078
431079
431080
431081
431082
431083
431084
431085
431086
431087
431088
431089
431090
431091
431092
431093
431094
431095
431096
431097
431098
431099
431170
431171
431172
431173
431174
431175
431176
431177
431178
431179
431180
431181
431182
431183
431184
431185
431186
431187
431188
431189
431190
431191
431192
431193
431194
431195
431196
431197
431198
431199
431270
431271
431272
431273
431274
431275
431276
431277
431278
431279
431280
431281
431282
431283
431284
431285
431286
431287
431288
431289
431290
431291
431292
431293
431294
431295
431296
431297
431298
431299
431370
431371
431372
431373
431374
431375
431376
431377
431378
431379
431380
431381
431382
431383
431384
431385
431386
431387
431388
431389
431390
431391
431392
431393
431394
431395
431396
431397
431398
431399
431470
431471
431472
431473
431474
431475
431476
431477
431478
431479
431480
431481
431482
431483
431484
431485
431486
431487
431488
431489
431490
431491
431492
431493
431494
431495
431496
431497
431498
431499
431570
431571
431572
431573
431574
431575
431576
431577
431578
431579
431580
431581
431582
431583
431584
431585
431586
431587
431588
431589
431590
431591
431592
431593
431594
431595
431596
431597
431598
431599
431670
431671
431672
431673
431674
431675
431676
431677
431678
431679
431680
431681
431682
431683
431684
431685
431686
431687
431688
431689
431690
431691
431692
431693
431694
431695
431696
431697
431698
431699
431770
431771
431772
431773
431774
431775
431776
431777
431778
431779
431780
431781
431782
431783
431784
431785
431786
431787
431788
431789
431790
431791
431792
431793
431794
431795
431796
431797
431798
431799
431870
431871
431872
431873
431874
431875
431876
431877
431878
431879
431880
431881
431882
431883
431884
431885
431886
431887
431888
431889
431890
431891
431892
431893
431894
431895
431896
431897
431898
431899
431970
431971
431972
431973
431974
431975
431976
431977
431978
431979
431980
431981
431982
431983
431984
431985
431986
431987
431988
431989
431990
431991
431992
431993
431994
431995
431996
431997
431998
431999
432070
432071
432072
432073
432074
432075
432076
432077
432078
432079
432080
432081
432082
432083
432084
432085
432086
432087
432088
432089
432090
432091
432092
432093
432094
432095
432096
432097
432098
432099
432170
432171
432172
432173
432174
432175
432176
432177
432178
432179
432180
432181
432182
432183
432184
432185
432186
432187
432188
432189
432190
432191
432192
432193
432194
432195
432196
432197
432198
432199
432270
432271
432272
432273
432274
432275
432276
432277
432278
432279
432280
432281
432282
432283
432284
432285
432286
432287
432288
432289
432290
432291
432292
432293
432294
432295
432296
432297
432298
432299
432370
432371
432372
432373
432374
432375
432376
432377
432378
432379
432380
432381
432382
432383
432384
432385
432386
432387
432388
432389
432390
432391
432392
432393
432394
432395
432396
432397
432398
432399
432470
432471
432472
432473
432474
432475
432476
432477
432478
432479
432480
432481
432482
432483
432484
432485
432486
432487
432488
432489
432490
432491
432492
432493
432494
432495
432496
432497
432498
432499
432570
432571
432572
432573
432574
432575
432576
432577
432578
432579
432580
432581
432582
432583
432584
432585
432586
432587
432588
432589
432590
432591
432592
432593
432594
432595
432596
432597
432598
432599
432670
432671
432672
432673
432674
432675
432676
432677
432678
432679
432680
432681
432682
432683
432684
432685
432686
432687
432688
432689
432690
432691
432692
432693
432694
432695
432696
432697
432698
432699
432770
432771
432772
432773
432774
432775
432776
432777
432778
432779
432780
432781
432782
432783
432784
432785
432786
432787
432788
432789
432790
432791
432792
432793
432794
432795
432796
432797
432798
432799
432870
432871
432872
432873
432874
432875
432876
432877
432878
432879
432880
432881
432882
432883
432884
432885
432886
432887
432888
432889
432890
432891
432892
432893
432894
432895
432896
432897
432898
432899
432970
432971
432972
432973
432974
432975
432976
432977
432978
432979
432980
432981
432982
432983
432984
432985
432986
432987
432988
432989
432990
432991
432992
432993
432994
432995
432996
432997
432998
432999
433070
433071
433072
433073
433074
433075
433076
433077
433078
433079
433080
433081
433082
433083
433084
433085
433086
433087
433088
433089
433090
433091
433092
433093
433094
433095
433096
433097
433098
433099
433170
433171
433172
433173
433174
433175
433176
433177
433178
433179
433180
433181
433182
433183
433184
433185
433186
433187
433188
433189
433190
433191
433192
433193
433194
433195
433196
433197
433198
433199
433270
433271
433272
433273
433274
433275
433276
433277
433278
433279
433280
433281
433282
433283
433284
433285
433286
433287
433288
433289
433290
433291
433292
433293
433294
433295
433296
433297
433298
433299
433370
433371
433372
433373
433374
433375
433376
433377
433378
433379
433380
433381
433382
433383
433384
433385
433386
433387
433388
433389
433390
433391
433392
433393
433394
433395
433396
433397
433398
433399
433470
433471
433472
433473
433474
433475
433476
433477
433478
433479
433480
433481
433482
433483
433484
433485
433486
433487
433488
433489
433490
433491
433492
433493
433494
433495
433496
433497
433498
433499
433570
433571
433572
433573
433574
433575
433576
433577
433578
433579
433580
433581
433582
433583
433584
433585
433586
433587
433588
433589
433590
433591
433592
433593
433594
433595
433596
433597
433598
433599
433670
433671
433672
433673
433674
433675
433676
433677
433678
433679
433680
433681
433682
433683
433684
433685
433686
433687
433688
433689
433690
433691
433692
433693
433694
433695
433696
433697
433698
433699
433770
433771
433772
433773
433774
433775
433776
433777
433778
433779
433780
433781
433782
433783
433784
433785
433786
433787
433788
433789
433790
433791
433792
433793
433794
433795
433796
433797
433798
433799
433870
433871
433872
433873
433874
433875
433876
433877
433878
433879
433880
433881
433882
433883
433884
433885
433886
433887
433888
433889
433890
433891
433892
433893
433894
433895
433896
433897
433898
433899
433970
433971
433972
433973
433974
433975
433976
433977
433978
433979
433980
433981
433982
433983
433984
433985
433986
433987
433988
433989
433990
433991
433992
433993
433994
433995
433996
433997
433998
433999
434070
434071
434072
434073
434074
434075
434076
434077
434078
434079
434080
434081
434082
434083
434084
434085
434086
434087
434088
434089
434090
434091
434092
434093
434094
434095
434096
434097
434098
434099
434170
434171
434172
434173
434174
434175
434176
434177
434178
434179
434180
434181
434182
434183
434184
434185
434186
434187
434188
434189
434190
434191
434192
434193
434194
434195
434196
434197
434198
434199
434270
434271
434272
434273
434274
434275
434276
434277
434278
434279
434280
434281
434282
434283
434284
434285
434286
434287
434288
434289
434290
434291
434292
434293
434294
434295
434296
434297
434298
434299
434370
434371
434372
434373
434374
434375
434376
434377
434378
434379
434380
434381
434382
434383
434384
434385
434386
434387
434388
434389
434390
434391
434392
434393
434394
434395
434396
434397
434398
434399
434470
434471
434472
434473
434474
434475
434476
434477
434478
434479
434480
434481
434482
434483
434484
434485
434486
434487
434488
434489
434490
434491
434492
434493
434494
434495
434496
434497
434498
434499
434570
434571
434572
434573
434574
434575
434576
434577
434578
434579
434580
434581
434582
434583
434584
434585
434586
434587
434588
434589
434590
434591
434592
434593
434594
434595
434596
434597
434598
434599
434670
434671
434672
434673
434674
434675
434676
434677
434678
434679
434680
434681
434682
434683
434684
434685
434686
434687
434688
434689
434690
434691
434692
434693
434694
434695
434696
434697
434698
434699
434770
434771
434772
434773
434774
434775
434776
434777
434778
434779
434780
434781
434782
434783
434784
434785
434786
434787
434788
434789
434790
434791
434792
434793
434794
434795
434796
434797
434798
434799
434870
434871
434872
434873
434874
434875
434876
434877
434878
434879
434880
434881
434882
434883
434884
434885
434886
434887
434888
434889
434890
434891
434892
434893
434894
434895
434896
434897
434898
434899
434970
434971
434972
434973
434974
434975
434976
434977
434978
434979
434980
434981
434982
434983
434984
434985
434986
434987
434988
434989
434990
434991
434992
434993
434994
434995
434996
434997
434998
434999
435070
435071
435072
435073
435074
435075
435076
435077
435078
435079
435080
435081
435082
435083
435084
435085
435086
435087
435088
435089
435090
435091
435092
435093
435094
435095
435096
435097
435098
435099
