433412
433413
433414
433415
433416
433417
433418
433419
433420
433421
433422
433423
433424
433425
433426
433427
433428
433429
433430
433431
433432
433433
433434
433435
433436
433437
433438
433439
433440
433441
433442
433443
433444
433445
433446
433447
433448
433449
433450
433451
433452
433453
433454
433455
433456
433457
433458
433459
433460
433461
433462
433463
433464
433465
433466
433467
433468
433469
433512
433513
433514
433515
433516
433517
433518
433519
433520
433521
433522
433523
433524
433525
433526
433527
433528
433529
433530
433531
433532
433533
433534
433535
433536
433537
433538
433539
433540
433541
433542
433543
433544
433545
433546
433547
433548
433549
433550
433551
433552
433553
433554
433555
433556
433557
433558
433559
433560
433561
433562
433563
433564
433565
433566
433567
433568
433569
433612
433613
433614
433615
433616
433617
433618
433619
433620
433621
433622
433623
433624
433625
433626
433627
433628
433629
433630
433631
433632
433633
433634
433635
433636
433637
433638
433639
433640
433641
433642
433643
433644
433645
433646
433647
433648
433649
433650
433651
433652
433653
433654
433655
433656
433657
433658
433659
433660
433661
433662
433663
433664
433665
433666
433667
433668
433669
433712
433713
433714
433715
433716
433717
433718
433719
433720
433721
433722
433723
433724
433725
433726
433727
433728
433729
433730
433731
433732
433733
433734
433735
433736
433737
433738
433739
433740
433741
433742
433743
433744
433745
433746
433747
433748
433749
433750
433751
433752
433753
433754
433755
433756
433757
433758
433759
433760
433761
433762
433763
433764
433765
433766
433767
433768
433769
433812
433813
433814
433815
433816
433817
433818
433819
433820
433821
433822
433823
433824
433825
433826
433827
433828
433829
433830
433831
433832
433833
433834
433835
433836
433837
433838
433839
433840
433841
433842
433843
433844
433845
433846
433847
433848
433849
433850
433851
433852
433853
433854
433855
433856
433857
433858
433859
433860
433861
433862
433863
433864
433865
433866
433867
433868
433869
433912
433913
433914
433915
433916
433917
433918
433919
433920
433921
433922
433923
433924
433925
433926
433927
433928
433929
433930
433931
433932
433933
433934
433935
433936
433937
433938
433939
433940
433941
433942
433943
433944
433945
433946
433947
433948
433949
433950
433951
433952
433953
433954
433955
433956
433957
433958
433959
433960
433961
433962
433963
433964
433965
433966
433967
433968
433969
434012
434013
434014
434015
434016
434017
434018
434019
434020
434021
434022
434023
434024
434025
434026
434027
434028
434029
434030
434031
434032
434033
434034
434035
434036
434037
434038
434039
434040
434041
434042
434043
434044
434045
434046
434047
434048
434049
434050
434051
434052
434053
434054
434055
434056
434057
434058
434059
434060
434061
434062
434063
434064
434065
434066
434067
434068
434069
434112
434113
434114
434115
434116
434117
434118
434119
434120
434121
434122
434123
434124
434125
434126
434127
434128
434129
434130
434131
434132
434133
434134
434135
434136
434137
434138
434139
434140
434141
434142
434143
434144
434145
434146
434147
434148
434149
434150
434151
434152
434153
434154
434155
434156
434157
434158
434159
434160
434161
434162
434163
434164
434165
434166
434167
434168
434169
434212
434213
434214
434215
434216
434217
434218
434219
434220
434221
434222
434223
434224
434225
434226
434227
434228
434229
434230
434231
434232
434233
434234
434235
434236
434237
434238
434239
434240
434241
434242
434243
434244
434245
434246
434247
434248
434249
434250
434251
434252
434253
434254
434255
434256
434257
434258
434259
434260
434261
434262
434263
434264
434265
434266
434267
434268
434269
434312
434313
434314
434315
434316
434317
434318
434319
434320
434321
434322
434323
434324
434325
434326
434327
434328
434329
434330
434331
434332
434333
434334
434335
434336
434337
434338
434339
434340
434341
434342
434343
434344
434345
434346
434347
434348
434349
434350
434351
434352
434353
434354
434355
434356
434357
434358
434359
434360
434361
434362
434363
434364
434365
434366
434367
434368
434369
434412
434413
434414
434415
434416
434417
434418
434419
434420
434421
434422
434423
434424
434425
434426
434427
434428
434429
434430
434431
434432
434433
434434
434435
434436
434437
434438
434439
434440
434441
434442
434443
434444
434445
434446
434447
434448
434449
434450
434451
434452
434453
434454
434455
434456
434457
434458
434459
434460
434461
434462
434463
434464
434465
434466
434467
434468
434469
434512
434513
434514
434515
434516
434517
434518
434519
434520
434521
434522
434523
434524
434525
434526
434527
434528
434529
434530
434531
434532
434533
434534
434535
434536
434537
434538
434539
434540
434541
434542
434543
434544
434545
434546
434547
434548
434549
434550
434551
434552
434553
434554
434555
434556
434557
434558
434559
434560
434561
434562
434563
434564
434565
434566
434567
434568
434569
434612
434613
434614
434615
434616
434617
434618
434619
434620
434621
434622
434623
434624
434625
434626
434627
434628
434629
434630
434631
434632
434633
434634
434635
434636
434637
434638
434639
434640
434641
434642
434643
434644
434645
434646
434647
434648
434649
434650
434651
434652
434653
434654
434655
434656
434657
434658
434659
434660
434661
434662
434663
434664
434665
434666
434667
434668
434669
434712
434713
434714
434715
434716
434717
434718
434719
434720
434721
434722
434723
434724
434725
434726
434727
434728
434729
434730
434731
434732
434733
434734
434735
434736
434737
434738
434739
434740
434741
434742
434743
434744
434745
434746
434747
434748
434749
434750
434751
434752
434753
434754
434755
434756
434757
434758
434759
434760
434761
434762
434763
434764
434765
434766
434767
434768
434769
434812
434813
434814
434815
434816
434817
434818
434819
434820
434821
434822
434823
434824
434825
434826
434827
434828
434829
434830
434831
434832
434833
434834
434835
434836
434837
434838
434839
434840
434841
434842
434843
434844
434845
434846
434847
434848
434849
434850
434851
434852
434853
434854
434855
434856
434857
434858
434859
434860
434861
434862
434863
434864
434865
434866
434867
434868
434869
434912
434913
434914
434915
434916
434917
434918
434919
434920
434921
434922
434923
434924
434925
434926
434927
434928
434929
434930
434931
434932
434933
434934
434935
434936
434937
434938
434939
434940
434941
434942
434943
434944
434945
434946
434947
434948
434949
434950
434951
434952
434953
434954
434955
434956
434957
434958
434959
434960
434961
434962
434963
434964
434965
434966
434967
434968
434969
435012
435013
435014
435015
435016
435017
435018
435019
435020
435021
435022
435023
435024
435025
435026
435027
435028
435029
435030
435031
435032
435033
435034
435035
435036
435037
435038
435039
435040
435041
435042
435043
435044
435045
435046
435047
435048
435049
435050
435051
435052
435053
435054
435055
435056
435057
435058
435059
435060
435061
435062
435063
435064
435065
435066
435067
435068
435069
