430012
430013
430014
430015
430016
430017
430018
430019
430020
430021
430022
430023
430024
430025
430026
430027
430028
430029
430030
430031
430032
430033
430034
430035
430036
430037
430038
430039
430040
430041
430042
430043
430044
430045
430046
430047
430048
430049
430050
430051
430052
430053
430054
430055
430056
430057
430058
430059
430060
430061
430062
430063
430064
430065
430066
430067
430068
430069
430112
430113
430114
430115
430116
430117
430118
430119
430120
430121
430122
430123
430124
430125
430126
430127
430128
430129
430130
430131
430132
430133
430134
430135
430136
430137
430138
430139
430140
430141
430142
430143
430144
430145
430146
430147
430148
430149
430150
430151
430152
430153
430154
430155
430156
430157
430158
430159
430160
430161
430162
430163
430164
430165
430166
430167
430168
430169
430212
430213
430214
430215
430216
430217
430218
430219
430220
430221
430222
430223
430224
430225
430226
430227
430228
430229
430230
430231
430232
430233
430234
430235
430236
430237
430238
430239
430240
430241
430242
430243
430244
430245
430246
430247
430248
430249
430250
430251
430252
430253
430254
430255
430256
430257
430258
430259
430260
430261
430262
430263
430264
430265
430266
430267
430268
430269
430312
430313
430314
430315
430316
430317
430318
430319
430320
430321
430322
430323
430324
430325
430326
430327
430328
430329
430330
430331
430332
430333
430334
430335
430336
430337
430338
430339
430340
430341
430342
430343
430344
430345
430346
430347
430348
430349
430350
430351
430352
430353
430354
430355
430356
430357
430358
430359
430360
430361
430362
430363
430364
430365
430366
430367
430368
430369
430412
430413
430414
430415
430416
430417
430418
430419
430420
430421
430422
430423
430424
430425
430426
430427
430428
430429
430430
430431
430432
430433
430434
430435
430436
430437
430438
430439
430440
430441
430442
430443
430444
430445
430446
430447
430448
430449
430450
430451
430452
430453
430454
430455
430456
430457
430458
430459
430460
430461
430462
430463
430464
430465
430466
430467
430468
430469
430512
430513
430514
430515
430516
430517
430518
430519
430520
430521
430522
430523
430524
430525
430526
430527
430528
430529
430530
430531
430532
430533
430534
430535
430536
430537
430538
430539
430540
430541
430542
430543
430544
430545
430546
430547
430548
430549
430550
430551
430552
430553
430554
430555
430556
430557
430558
430559
430560
430561
430562
430563
430564
430565
430566
430567
430568
430569
430612
430613
430614
430615
430616
430617
430618
430619
430620
430621
430622
430623
430624
430625
430626
430627
430628
430629
430630
430631
430632
430633
430634
430635
430636
430637
430638
430639
430640
430641
430642
430643
430644
430645
430646
430647
430648
430649
430650
430651
430652
430653
430654
430655
430656
430657
430658
430659
430660
430661
430662
430663
430664
430665
430666
430667
430668
430669
430712
430713
430714
430715
430716
430717
430718
430719
430720
430721
430722
430723
430724
430725
430726
430727
430728
430729
430730
430731
430732
430733
430734
430735
430736
430737
430738
430739
430740
430741
430742
430743
430744
430745
430746
430747
430748
430749
430750
430751
430752
430753
430754
430755
430756
430757
430758
430759
430760
430761
430762
430763
430764
430765
430766
430767
430768
430769
430812
430813
430814
430815
430816
430817
430818
430819
430820
430821
430822
430823
430824
430825
430826
430827
430828
430829
430830
430831
430832
430833
430834
430835
430836
430837
430838
430839
430840
430841
430842
430843
430844
430845
430846
430847
430848
430849
430850
430851
430852
430853
430854
430855
430856
430857
430858
430859
430860
430861
430862
430863
430864
430865
430866
430867
430868
430869
430912
430913
430914
430915
430916
430917
430918
430919
430920
430921
430922
430923
430924
430925
430926
430927
430928
430929
430930
430931
430932
430933
430934
430935
430936
430937
430938
430939
430940
430941
430942
430943
430944
430945
430946
430947
430948
430949
430950
430951
430952
430953
430954
430955
430956
430957
430958
430959
430960
430961
430962
430963
430964
430965
430966
430967
430968
430969
431012
431013
431014
431015
431016
431017
431018
431019
431020
431021
431022
431023
431024
431025
431026
431027
431028
431029
431030
431031
431032
431033
431034
431035
431036
431037
431038
431039
431040
431041
431042
431043
431044
431045
431046
431047
431048
431049
431050
431051
431052
431053
431054
431055
431056
431057
431058
431059
431060
431061
431062
431063
431064
431065
431066
431067
431068
431069
431112
431113
431114
431115
431116
431117
431118
431119
431120
431121
431122
431123
431124
431125
431126
431127
431128
431129
431130
431131
431132
431133
431134
431135
431136
431137
431138
431139
431140
431141
431142
431143
431144
431145
431146
431147
431148
431149
431150
431151
431152
431153
431154
431155
431156
431157
431158
431159
431160
431161
431162
431163
431164
431165
431166
431167
431168
431169
431212
431213
431214
431215
431216
431217
431218
431219
431220
431221
431222
431223
431224
431225
431226
431227
431228
431229
431230
431231
431232
431233
431234
431235
431236
431237
431238
431239
431240
431241
431242
431243
431244
431245
431246
431247
431248
431249
431250
431251
431252
431253
431254
431255
431256
431257
431258
431259
431260
431261
431262
431263
431264
431265
431266
431267
431268
431269
431312
431313
431314
431315
431316
431317
431318
431319
431320
431321
431322
431323
431324
431325
431326
431327
431328
431329
431330
431331
431332
431333
431334
431335
431336
431337
431338
431339
431340
431341
431342
431343
431344
431345
431346
431347
431348
431349
431350
431351
431352
431353
431354
431355
431356
431357
431358
431359
431360
431361
431362
431363
431364
431365
431366
431367
431368
431369
431412
431413
431414
431415
431416
431417
431418
431419
431420
431421
431422
431423
431424
431425
431426
431427
431428
431429
431430
431431
431432
431433
431434
431435
431436
431437
431438
431439
431440
431441
431442
431443
431444
431445
431446
431447
431448
431449
431450
431451
431452
431453
431454
431455
431456
431457
431458
431459
431460
431461
431462
431463
431464
431465
431466
431467
431468
431469
431512
431513
431514
431515
431516
431517
431518
431519
431520
431521
431522
431523
431524
431525
431526
431527
431528
431529
431530
431531
431532
431533
431534
431535
431536
431537
431538
431539
431540
431541
431542
431543
431544
431545
431546
431547
431548
431549
431550
431551
431552
431553
431554
431555
431556
431557
431558
431559
431560
431561
431562
431563
431564
431565
431566
431567
431568
431569
431612
431613
431614
431615
431616
431617
431618
431619
431620
431621
431622
431623
431624
431625
431626
431627
431628
431629
431630
431631
431632
431633
431634
431635
431636
431637
431638
431639
431640
431641
431642
431643
431644
431645
431646
431647
431648
431649
431650
431651
431652
431653
431654
431655
431656
431657
431658
431659
431660
431661
431662
431663
431664
431665
431666
431667
431668
431669
