431712
431713
431714
431715
431716
431717
431718
431719
431720
431721
431722
431723
431724
431725
431726
431727
431728
431729
431730
431731
431732
431733
431734
431735
431736
431737
431738
431739
431740
431741
431742
431743
431744
431745
431746
431747
431748
431749
431750
431751
431752
431753
431754
431755
431756
431757
431758
431759
431760
431761
431762
431763
431764
431765
431766
431767
431768
431769
431812
431813
431814
431815
431816
431817
431818
431819
431820
431821
431822
431823
431824
431825
431826
431827
431828
431829
431830
431831
431832
431833
431834
431835
431836
431837
431838
431839
431840
431841
431842
431843
431844
431845
431846
431847
431848
431849
431850
431851
431852
431853
431854
431855
431856
431857
431858
431859
431860
431861
431862
431863
431864
431865
431866
431867
431868
431869
431912
431913
431914
431915
431916
431917
431918
431919
431920
431921
431922
431923
431924
431925
431926
431927
431928
431929
431930
431931
431932
431933
431934
431935
431936
431937
431938
431939
431940
431941
431942
431943
431944
431945
431946
431947
431948
431949
431950
431951
431952
431953
431954
431955
431956
431957
431958
431959
431960
431961
431962
431963
431964
431965
431966
431967
431968
431969
432012
432013
432014
432015
432016
432017
432018
432019
432020
432021
432022
432023
432024
432025
432026
432027
432028
432029
432030
432031
432032
432033
432034
432035
432036
432037
432038
432039
432040
432041
432042
432043
432044
432045
432046
432047
432048
432049
432050
432051
432052
432053
432054
432055
432056
432057
432058
432059
432060
432061
432062
432063
432064
432065
432066
432067
432068
432069
432112
432113
432114
432115
432116
432117
432118
432119
432120
432121
432122
432123
432124
432125
432126
432127
432128
432129
432130
432131
432132
432133
432134
432135
432136
432137
432138
432139
432140
432141
432142
432143
432144
432145
432146
432147
432148
432149
432150
432151
432152
432153
432154
432155
432156
432157
432158
432159
432160
432161
432162
432163
432164
432165
432166
432167
432168
432169
432212
432213
432214
432215
432216
432217
432218
432219
432220
432221
432222
432223
432224
432225
432226
432227
432228
432229
432230
432231
432232
432233
432234
432235
432236
432237
432238
432239
432240
432241
432242
432243
432244
432245
432246
432247
432248
432249
432250
432251
432252
432253
432254
432255
432256
432257
432258
432259
432260
432261
432262
432263
432264
432265
432266
432267
432268
432269
432312
432313
432314
432315
432316
432317
432318
432319
432320
432321
432322
432323
432324
432325
432326
432327
432328
432329
432330
432331
432332
432333
432334
432335
432336
432337
432338
432339
432340
432341
432342
432343
432344
432345
432346
432347
432348
432349
432350
432351
432352
432353
432354
432355
432356
432357
432358
432359
432360
432361
432362
432363
432364
432365
432366
432367
432368
432369
432412
432413
432414
432415
432416
432417
432418
432419
432420
432421
432422
432423
432424
432425
432426
432427
432428
432429
432430
432431
432432
432433
432434
432435
432436
432437
432438
432439
432440
432441
432442
432443
432444
432445
432446
432447
432448
432449
432450
432451
432452
432453
432454
432455
432456
432457
432458
432459
432460
432461
432462
432463
432464
432465
432466
432467
432468
432469
432512
432513
432514
432515
432516
432517
432518
432519
432520
432521
432522
432523
432524
432525
432526
432527
432528
432529
432530
432531
432532
432533
432534
432535
432536
432537
432538
432539
432540
432541
432542
432543
432544
432545
432546
432547
432548
432549
432550
432551
432552
432553
432554
432555
432556
432557
432558
432559
432560
432561
432562
432563
432564
432565
432566
432567
432568
432569
432612
432613
432614
432615
432616
432617
432618
432619
432620
432621
432622
432623
432624
432625
432626
432627
432628
432629
432630
432631
432632
432633
432634
432635
432636
432637
432638
432639
432640
432641
432642
432643
432644
432645
432646
432647
432648
432649
432650
432651
432652
432653
432654
432655
432656
432657
432658
432659
432660
432661
432662
432663
432664
432665
432666
432667
432668
432669
432712
432713
432714
432715
432716
432717
432718
432719
432720
432721
432722
432723
432724
432725
432726
432727
432728
432729
432730
432731
432732
432733
432734
432735
432736
432737
432738
432739
432740
432741
432742
432743
432744
432745
432746
432747
432748
432749
432750
432751
432752
432753
432754
432755
432756
432757
432758
432759
432760
432761
432762
432763
432764
432765
432766
432767
432768
432769
432812
432813
432814
432815
432816
432817
432818
432819
432820
432821
432822
432823
432824
432825
432826
432827
432828
432829
432830
432831
432832
432833
432834
432835
432836
432837
432838
432839
432840
432841
432842
432843
432844
432845
432846
432847
432848
432849
432850
432851
432852
432853
432854
432855
432856
432857
432858
432859
432860
432861
432862
432863
432864
432865
432866
432867
432868
432869
432912
432913
432914
432915
432916
432917
432918
432919
432920
432921
432922
432923
432924
432925
432926
432927
432928
432929
432930
432931
432932
432933
432934
432935
432936
432937
432938
432939
432940
432941
432942
432943
432944
432945
432946
432947
432948
432949
432950
432951
432952
432953
432954
432955
432956
432957
432958
432959
432960
432961
432962
432963
432964
432965
432966
432967
432968
432969
433012
433013
433014
433015
433016
433017
433018
433019
433020
433021
433022
433023
433024
433025
433026
433027
433028
433029
433030
433031
433032
433033
433034
433035
433036
433037
433038
433039
433040
433041
433042
433043
433044
433045
433046
433047
433048
433049
433050
433051
433052
433053
433054
433055
433056
433057
433058
433059
433060
433061
433062
433063
433064
433065
433066
433067
433068
433069
433112
433113
433114
433115
433116
433117
433118
433119
433120
433121
433122
433123
433124
433125
433126
433127
433128
433129
433130
433131
433132
433133
433134
433135
433136
433137
433138
433139
433140
433141
433142
433143
433144
433145
433146
433147
433148
433149
433150
433151
433152
433153
433154
433155
433156
433157
433158
433159
433160
433161
433162
433163
433164
433165
433166
433167
433168
433169
433212
433213
433214
433215
433216
433217
433218
433219
433220
433221
433222
433223
433224
433225
433226
433227
433228
433229
433230
433231
433232
433233
433234
433235
433236
433237
433238
433239
433240
433241
433242
433243
433244
433245
433246
433247
433248
433249
433250
433251
433252
433253
433254
433255
433256
433257
433258
433259
433260
433261
433262
433263
433264
433265
433266
433267
433268
433269
433312
433313
433314
433315
433316
433317
433318
433319
433320
433321
433322
433323
433324
433325
433326
433327
433328
433329
433330
433331
433332
433333
433334
433335
433336
433337
433338
433339
433340
433341
433342
433343
433344
433345
433346
433347
433348
433349
433350
433351
433352
433353
433354
433355
433356
433357
433358
433359
433360
433361
433362
433363
433364
433365
433366
433367
433368
433369
