433470
433471
433472
433473
433474
433475
433476
433477
433478
433479
433480
433481
433482
433483
433484
433485
433486
433487
433488
433489
433490
433491
433492
433493
433494
433495
433496
433497
433498
433499
433570
433571
433572
433573
433574
433575
433576
433577
433578
433579
433580
433581
433582
433583
433584
433585
433586
433587
433588
433589
433590
433591
433592
433593
433594
433595
433596
433597
433598
433599
433670
433671
433672
433673
433674
433675
433676
433677
433678
433679
433680
433681
433682
433683
433684
433685
433686
433687
433688
433689
433690
433691
433692
433693
433694
433695
433696
433697
433698
433699
433770
433771
433772
433773
433774
433775
433776
433777
433778
433779
433780
433781
433782
433783
433784
433785
433786
433787
433788
433789
433790
433791
433792
433793
433794
433795
433796
433797
433798
433799
433870
433871
433872
433873
433874
433875
433876
433877
433878
433879
433880
433881
433882
433883
433884
433885
433886
433887
433888
433889
433890
433891
433892
433893
433894
433895
433896
433897
433898
433899
433970
433971
433972
433973
433974
433975
433976
433977
433978
433979
433980
433981
433982
433983
433984
433985
433986
433987
433988
433989
433990
433991
433992
433993
433994
433995
433996
433997
433998
433999
434070
434071
434072
434073
434074
434075
434076
434077
434078
434079
434080
434081
434082
434083
434084
434085
434086
434087
434088
434089
434090
434091
434092
434093
434094
434095
434096
434097
434098
434099
434170
434171
434172
434173
434174
434175
434176
434177
434178
434179
434180
434181
434182
434183
434184
434185
434186
434187
434188
434189
434190
434191
434192
434193
434194
434195
434196
434197
434198
434199
434270
434271
434272
434273
434274
434275
434276
434277
434278
434279
434280
434281
434282
434283
434284
434285
434286
434287
434288
434289
434290
434291
434292
434293
434294
434295
434296
434297
434298
434299
434370
434371
434372
434373
434374
434375
434376
434377
434378
434379
434380
434381
434382
434383
434384
434385
434386
434387
434388
434389
434390
434391
434392
434393
434394
434395
434396
434397
434398
434399
434470
434471
434472
434473
434474
434475
434476
434477
434478
434479
434480
434481
434482
434483
434484
434485
434486
434487
434488
434489
434490
434491
434492
434493
434494
434495
434496
434497
434498
434499
434570
434571
434572
434573
434574
434575
434576
434577
434578
434579
434580
434581
434582
434583
434584
434585
434586
434587
434588
434589
434590
434591
434592
434593
434594
434595
434596
434597
434598
434599
434670
434671
434672
434673
434674
434675
434676
434677
434678
434679
434680
434681
434682
434683
434684
434685
434686
434687
434688
434689
434690
434691
434692
434693
434694
434695
434696
434697
434698
434699
434770
434771
434772
434773
434774
434775
434776
434777
434778
434779
434780
434781
434782
434783
434784
434785
434786
434787
434788
434789
434790
434791
434792
434793
434794
434795
434796
434797
434798
434799
434870
434871
434872
434873
434874
434875
434876
434877
434878
434879
434880
434881
434882
434883
434884
434885
434886
434887
434888
434889
434890
434891
434892
434893
434894
434895
434896
434897
434898
434899
434970
434971
434972
434973
434974
434975
434976
434977
434978
434979
434980
434981
434982
434983
434984
434985
434986
434987
434988
434989
434990
434991
434992
434993
434994
434995
434996
434997
434998
434999
435070
435071
435072
435073
435074
435075
435076
435077
435078
435079
435080
435081
435082
435083
435084
435085
435086
435087
435088
435089
435090
435091
435092
435093
435094
435095
435096
435097
435098
435099
